
Automatic Data Collection:
Thu Feb 21 16:14:35 2019
Data points are recorded 50.000000 ms apart

time (s)	Lift (N)	Drag (N)
0.00000	 -0.03477	 0.42589
0.05000	 -0.02230	 0.49611
0.10000	 0.01532	 0.46364
0.15000	 -0.01037	 0.48350
0.20000	 -0.03550	 0.42580
0.25000	 -0.01890	 0.45550
0.30000	 -0.01014	 0.51825
0.35000	 0.01948	 0.44785
0.40000	 -0.00495	 0.42470
0.45000	 0.00913	 0.52425
0.50000	 0.01222	 0.47443
0.55000	 0.02290	 0.47432
0.60000	 0.00017	 0.41232
0.65000	 -0.02439	 0.51646
0.70000	 -0.03252	 0.44802
0.75000	 -0.01802	 0.46427
0.80000	 0.01371	 0.50390
0.85000	 -0.02118	 0.40787
0.90000	 -0.04435	 0.48280
0.95000	 -0.03367	 0.45830
1.00000	 0.02079	 0.40978
1.05000	 -0.01017	 0.45599
1.10000	 0.02283	 0.43945
1.15000	 -0.04494	 0.44170
1.20000	 -0.00445	 0.51657
1.25000	 0.01144	 0.46240
1.30000	 -0.03309	 0.44649
1.35000	 -0.00892	 0.45108
1.40000	 -0.00312	 0.45348
1.45000	 -0.01163	 0.47550
1.50000	 0.02155	 0.44932
1.55000	 0.00149	 0.48436
1.60000	 0.00803	 0.49796
1.65000	 -0.04035	 0.49394
1.70000	 -0.00864	 0.48791
1.75000	 -0.00549	 0.43198
1.80000	 -0.02667	 0.53401
1.85000	 -0.00347	 0.47862
1.90000	 -0.03537	 0.45209
1.95000	 -0.02953	 0.55049
2.00000	 -0.02214	 0.44895
2.05000	 -0.00031	 0.44522
2.10000	 0.01175	 0.41523
2.15000	 -0.03049	 0.42464
2.20000	 -0.02891	 0.50255
2.25000	 -0.04206	 0.46603
2.30000	 0.02334	 0.52004
2.35000	 -0.01749	 0.36184
2.40000	 0.02762	 0.33878
2.45000	 -0.00738	 0.50053
2.50000	 0.01943	 0.53086
2.55000	 -0.01557	 0.45761
2.60000	 -0.07865	 0.43576
2.65000	 -0.03212	 0.45610
2.70000	 -0.04130	 0.47178
2.75000	 0.01410	 0.42438
2.80000	 0.00267	 0.40637
2.85000	 -0.00389	 0.54015
2.90000	 -0.02063	 0.43985
2.95000	 -0.01543	 0.49299
3.00000	 0.00806	 0.40450
3.05000	 0.01816	 0.50191
3.10000	 -0.01528	 0.47169
3.15000	 -0.05563	 0.38172
3.20000	 -0.02720	 0.50725
3.25000	 -0.02678	 0.49726
3.30000	 -0.03297	 0.45605
3.35000	 0.02436	 0.52223
3.40000	 -0.02284	 0.46543
3.45000	 -0.01918	 0.49957
3.50000	 -0.03360	 0.47839
3.55000	 -0.00910	 0.50722
3.60000	 -0.05159	 0.48708
3.65000	 -0.02731	 0.44459
3.70000	 -0.05034	 0.46404
3.75000	 -0.00444	 0.45559
3.80000	 0.03027	 0.47383
3.85000	 -0.04770	 0.50090
3.90000	 -0.02149	 0.51389
3.95000	 -0.03543	 0.41783
4.00000	 -0.00589	 0.44153
4.05000	 0.00704	 0.39919
4.10000	 0.01690	 0.49123
4.15000	 -0.02120	 0.42626
4.20000	 -0.02601	 0.49851
4.25000	 -0.02853	 0.36940
4.30000	 -0.04561	 0.47870
4.35000	 0.00512	 0.47230
4.40000	 -0.02287	 0.41483
4.45000	 -0.05643	 0.47931
4.50000	 -0.02514	 0.46641
4.55000	 -0.03821	 0.42205
4.60000	 -0.02442	 0.46531
4.65000	 -0.00639	 0.42840
4.70000	 -0.04341	 0.44941
4.75000	 -0.03832	 0.48425
4.80000	 0.00600	 0.39760
4.85000	 0.05604	 0.49071
4.90000	 0.01788	 0.43838
4.95000	 0.01859	 0.47325
5.00000	 -0.03407	 0.49089
5.05000	 -0.00133	 0.42681
5.10000	 -0.01436	 0.49420
5.15000	 0.01749	 0.49377
5.20000	 -0.02176	 0.42410
5.25000	 -0.01752	 0.51268
5.30000	 -0.00664	 0.44857
5.35000	 -0.00710	 0.53066
5.40000	 -0.01822	 0.43991
5.45000	 -0.00127	 0.49282
5.50000	 -0.00296	 0.49634
5.55000	 0.01482	 0.44742
5.60000	 -0.01520	 0.50852
5.65000	 -0.03083	 0.45178
5.70000	 -0.03483	 0.40600
5.75000	 -0.01264	 0.48869
5.80000	 -0.05676	 0.30691
5.85000	 -0.00658	 0.50465
5.90000	 -0.02611	 0.47091
5.95000	 0.01329	 0.39460
6.00000	 -0.03708	 0.50009
6.05000	 -0.01017	 0.48075
6.10000	 0.00999	 0.41425
6.15000	 -0.01582	 0.50139
6.20000	 -0.00456	 0.40712
6.25000	 -0.00800	 0.49103
6.30000	 0.01023	 0.49438
6.35000	 -0.00152	 0.46015
6.40000	 0.03680	 0.46650
6.45000	 0.00577	 0.42692
6.50000	 0.00873	 0.52142
6.55000	 -0.01960	 0.39301
6.60000	 -0.00468	 0.47608
6.65000	 0.00414	 0.46517
6.70000	 0.00019	 0.49640
6.75000	 -0.01672	 0.51790
6.80000	 -0.02523	 0.41523
6.85000	 0.04361	 0.48280
6.90000	 0.02312	 0.50032
6.95000	 0.01493	 0.49190
7.00000	 -0.04689	 0.50188
7.05000	 0.02280	 0.49187
7.10000	 -0.01852	 0.40138
7.15000	 0.04269	 0.57644
7.20000	 -0.03905	 0.48664
7.25000	 -0.07236	 0.44571
7.30000	 0.02449	 0.42291
7.35000	 0.02687	 0.44300
7.40000	 0.00029	 0.50396
7.45000	 0.01379	 0.47515
7.50000	 -0.03316	 0.49732
7.55000	 -0.02258	 0.52111
7.60000	 -0.01358	 0.43376
7.65000	 0.02633	 0.51429
7.70000	 -0.03103	 0.44254
7.75000	 0.01163	 0.52774
7.80000	 -0.01686	 0.45518
7.85000	 -0.02542	 0.45114
7.90000	 -0.00288	 0.47677
7.95000	 -0.01377	 0.41601
8.00000	 -0.00293	 0.47969
8.05000	 -0.03281	 0.44900
8.10000	 -0.00008	 0.38833
8.15000	 -0.00777	 0.49614
8.20000	 0.00219	 0.44309
8.25000	 -0.02718	 0.40020
8.30000	 -0.03298	 0.43766
8.35000	 -0.01413	 0.46508
8.40000	 -0.03975	 0.44941
8.45000	 -0.01946	 0.46644
8.50000	 0.01565	 0.39411
8.55000	 -0.02342	 0.51556
8.60000	 0.01903	 0.44323
8.65000	 0.04179	 0.49960
8.70000	 -0.02349	 0.47992
8.75000	 -0.01220	 0.34062
8.80000	 0.01344	 0.45890
8.85000	 -0.01534	 0.53943
8.90000	 0.00557	 0.49117
8.95000	 0.01222	 0.46580
9.00000	 0.00878	 0.50486
9.05000	 -0.00183	 0.47374
9.10000	 0.01174	 0.50272
9.15000	 -0.01438	 0.48829
9.20000	 0.02402	 0.48277
9.25000	 0.01735	 0.46205
9.30000	 0.01425	 0.52760
9.35000	 0.00416	 0.44421
9.40000	 -0.00886	 0.48609
9.45000	 -0.02216	 0.50676
9.50000	 -0.01107	 0.46895
9.55000	 0.01380	 0.52289
9.60000	 -0.00188	 0.43763
9.65000	 0.01343	 0.42040
9.70000	 0.01938	 0.51730
9.75000	 0.03675	 0.48093
9.80000	 0.01776	 0.47057
9.85000	 -0.00969	 0.48505
9.90000	 0.00065	 0.47005
9.95000	 0.00678	 0.49389
