
Automatic Data Collection:
Tue Feb 26 11:38:45 2019
Data points are recorded 50.000000 ms apart

time (s)	Lift (N)	Drag (N)
0.00000	 -0.00190	 0.11942
0.05000	 -0.00213	 0.12750
0.10000	 0.00088	 0.11630
0.15000	 0.00361	 0.12366
0.20000	 0.00286	 0.12660
0.25000	 0.00027	 0.13307
0.30000	 0.00671	 0.12842
0.35000	 0.01010	 0.11532
0.40000	 0.01244	 0.12810
0.45000	 0.00336	 0.12851
0.50000	 0.00075	 0.13125
0.55000	 -0.00975	 0.12386
0.60000	 -0.00322	 0.12418
0.65000	 -0.00402	 0.12701
0.70000	 0.00334	 0.12380
0.75000	 0.00174	 0.12553
0.80000	 0.00475	 0.12715
0.85000	 -0.00568	 0.13771
0.90000	 -0.00365	 0.12230
0.95000	 0.00184	 0.12507
1.00000	 -0.00987	 0.12911
1.05000	 -0.00849	 0.13145
1.10000	 0.00258	 0.12802
1.15000	 -0.00114	 0.12245
1.20000	 -0.00297	 0.12649
1.25000	 -0.00221	 0.13367
1.30000	 -0.00086	 0.12496
1.35000	 0.00238	 0.12562
1.40000	 0.00298	 0.12741
1.45000	 0.00154	 0.13067
1.50000	 -0.00495	 0.12441
1.55000	 -0.00471	 0.11708
1.60000	 0.00055	 0.12363
1.65000	 0.00646	 0.12825
1.70000	 0.00655	 0.12297
1.75000	 -0.00257	 0.13569
1.80000	 -0.00647	 0.13162
1.85000	 0.00317	 0.12753
1.90000	 -0.00492	 0.13416
1.95000	 -0.00418	 0.11488
2.00000	 -0.00598	 0.12629
2.05000	 0.00770	 0.12854
2.10000	 0.00494	 0.12747
2.15000	 0.00793	 0.13197
2.20000	 -0.00085	 0.12738
2.25000	 -0.00666	 0.13261
2.30000	 0.00998	 0.12975
2.35000	 0.00537	 0.12484
2.40000	 -0.00306	 0.12724
2.45000	 -0.00247	 0.13261
2.50000	 -0.00461	 0.11457
2.55000	 -0.00796	 0.12507
2.60000	 -0.00723	 0.12069
2.65000	 -0.00962	 0.13151
2.70000	 0.00089	 0.12949
2.75000	 -0.00407	 0.13442
2.80000	 -0.00395	 0.13183
2.85000	 -0.00972	 0.12732
2.90000	 -0.00750	 0.13148
2.95000	 0.00388	 0.12923
3.00000	 0.00061	 0.13818
3.05000	 -0.01018	 0.12400
3.10000	 0.00236	 0.13728
3.15000	 0.00433	 0.12903
3.20000	 0.00244	 0.12516
3.25000	 -0.00114	 0.14031
3.30000	 0.00238	 0.12952
3.35000	 0.00641	 0.13061
3.40000	 -0.00328	 0.13122
3.45000	 0.00171	 0.13137
3.50000	 -0.00029	 0.13111
3.55000	 0.00123	 0.11387
3.60000	 -0.01235	 0.12464
3.65000	 -0.01601	 0.13336
3.70000	 -0.01441	 0.13517
3.75000	 -0.00440	 0.12354
3.80000	 -0.00122	 0.12862
3.85000	 -0.00278	 0.12955
3.90000	 0.00475	 0.13024
3.95000	 -0.00534	 0.13096
4.00000	 0.00267	 0.13180
4.05000	 -0.00739	 0.13393
4.10000	 -0.00741	 0.13298
4.15000	 -0.00523	 0.13157
4.20000	 -0.00085	 0.12744
4.25000	 -0.00370	 0.13598
4.30000	 0.00143	 0.12960
4.35000	 0.00570	 0.13038
4.40000	 -0.00100	 0.11610
4.45000	 -0.00122	 0.13907
4.50000	 -0.00747	 0.12706
4.55000	 -0.00409	 0.13428
4.60000	 -0.00401	 0.11503
4.65000	 -0.00587	 0.14089
4.70000	 -0.00106	 0.13261
4.75000	 -0.00210	 0.12533
4.80000	 -0.00528	 0.13108
4.85000	 -0.00826	 0.13806
4.90000	 -0.00937	 0.13056
4.95000	 0.00198	 0.12663
5.00000	 -0.00299	 0.12297
5.05000	 -0.00130	 0.13919
5.10000	 -0.00198	 0.13621
5.15000	 0.00243	 0.13365
5.20000	 0.00367	 0.12499
5.25000	 -0.01091	 0.12704
5.30000	 -0.01645	 0.13177
5.35000	 -0.00869	 0.13272
5.40000	 -0.01193	 0.12548
5.45000	 0.00178	 0.13226
5.50000	 -0.01260	 0.12360
5.55000	 -0.01640	 0.12949
5.60000	 -0.00618	 0.12885
5.65000	 -0.00164	 0.13789
5.70000	 -0.00623	 0.12929
5.75000	 0.00120	 0.13183
5.80000	 -0.00199	 0.13145
5.85000	 -0.01072	 0.13924
5.90000	 -0.00841	 0.13922
5.95000	 0.00404	 0.12984
6.00000	 0.00148	 0.13445
6.05000	 -0.00489	 0.13543
6.10000	 0.00005	 0.13621
6.15000	 0.01217	 0.13474
6.20000	 -0.00075	 0.12975
6.25000	 -0.00818	 0.13720
6.30000	 -0.00522	 0.13552
6.35000	 -0.00187	 0.12986
6.40000	 -0.00571	 0.12623
6.45000	 0.00120	 0.12709
6.50000	 -0.01186	 0.12868
6.55000	 0.00215	 0.12363
6.60000	 -0.00119	 0.12360
6.65000	 -0.01026	 0.13968
6.70000	 -0.00247	 0.12903
6.75000	 -0.00139	 0.11968
6.80000	 -0.00513	 0.13053
6.85000	 -0.01066	 0.13451
6.90000	 -0.01046	 0.12920
6.95000	 -0.00936	 0.12744
7.00000	 -0.00472	 0.13396
7.05000	 -0.00331	 0.14721
7.10000	 -0.00105	 0.12934
7.15000	 -0.00226	 0.12279
7.20000	 0.00619	 0.12767
7.25000	 0.00230	 0.13806
7.30000	 -0.00325	 0.13160
7.35000	 -0.00012	 0.13339
7.40000	 -0.00646	 0.13676
7.45000	 -0.00877	 0.14294
7.50000	 -0.00379	 0.13096
7.55000	 -0.00682	 0.12545
7.60000	 0.00531	 0.12302
7.65000	 -0.00142	 0.13209
7.70000	 -0.01034	 0.13901
7.75000	 -0.00477	 0.13050
7.80000	 -0.00502	 0.12184
7.85000	 0.00205	 0.13541
7.90000	 0.00238	 0.12958
7.95000	 0.00584	 0.13183
8.00000	 0.00885	 0.13670
8.05000	 0.00905	 0.12377
8.10000	 0.00015	 0.12530
8.15000	 -0.00192	 0.12398
8.20000	 0.00748	 0.14216
8.25000	 0.00119	 0.14375
8.30000	 -0.00551	 0.13108
8.35000	 -0.00213	 0.12706
8.40000	 -0.00199	 0.13370
8.45000	 -0.00002	 0.14727
8.50000	 -0.00106	 0.13272
8.55000	 0.00505	 0.14525
8.60000	 -0.00702	 0.13113
8.65000	 -0.00947	 0.13287
8.70000	 -0.00344	 0.13390
8.75000	 -0.00114	 0.12796
8.80000	 -0.00892	 0.11537
8.85000	 -0.01291	 0.14210
8.90000	 -0.00475	 0.13229
8.95000	 -0.00294	 0.13532
9.00000	 -0.00691	 0.13659
9.05000	 -0.00057	 0.13125
9.10000	 -0.01151	 0.12527
9.15000	 -0.00004	 0.13041
9.20000	 -0.00099	 0.13134
9.25000	 0.00587	 0.13930
9.30000	 -0.00083	 0.13696
9.35000	 0.00340	 0.13090
9.40000	 -0.00235	 0.11947
9.45000	 0.00399	 0.13743
9.50000	 0.00649	 0.12972
9.55000	 0.00657	 0.12998
9.60000	 -0.00471	 0.12530
9.65000	 0.00761	 0.14464
9.70000	 -0.00156	 0.14386
9.75000	 0.00207	 0.13884
9.80000	 -0.00649	 0.13041
9.85000	 -0.00299	 0.13341
9.90000	 -0.00071	 0.14453
9.95000	 -0.00148	 0.13639
