
Automatic Data Collection:
Tue Feb 26 11:37:43 2019
Data points are recorded 50.000000 ms apart

time (s)	Lift (N)	Drag (N)
0.00000	 -0.00590	 0.06400
0.05000	 0.00167	 0.06198
0.10000	 -0.00447	 0.06160
0.15000	 -0.00514	 0.07173
0.20000	 -0.00120	 0.06602
0.25000	 -0.00578	 0.06639
0.30000	 -0.00835	 0.07107
0.35000	 -0.00696	 0.06469
0.40000	 0.00188	 0.06253
0.45000	 -0.00385	 0.06195
0.50000	 -0.00382	 0.06440
0.55000	 -0.00317	 0.06486
0.60000	 -0.00142	 0.06559
0.65000	 -0.00361	 0.06316
0.70000	 -0.00571	 0.06836
0.75000	 -0.00469	 0.06717
0.80000	 -0.00114	 0.06348
0.85000	 -0.00176	 0.06570
0.90000	 -0.00660	 0.06486
0.95000	 -0.00559	 0.06971
1.00000	 -0.00181	 0.06241
1.05000	 0.00064	 0.06204
1.10000	 -0.00402	 0.06807
1.15000	 -0.00536	 0.07110
1.20000	 0.00109	 0.06357
1.25000	 0.00074	 0.06732
1.30000	 -0.00520	 0.06426
1.35000	 -0.00117	 0.07038
1.40000	 0.00026	 0.06567
1.45000	 -0.00387	 0.06772
1.50000	 -0.00418	 0.07577
1.55000	 -0.00399	 0.06564
1.60000	 0.00160	 0.06634
1.65000	 -0.00147	 0.06359
1.70000	 -0.00776	 0.07084
1.75000	 -0.00553	 0.06668
1.80000	 -0.00019	 0.06348
1.85000	 -0.00418	 0.06322
1.90000	 -0.00739	 0.06865
1.95000	 -0.00437	 0.06466
2.00000	 0.00061	 0.06596
2.05000	 -0.00244	 0.06561
2.10000	 -0.00765	 0.06859
2.15000	 -0.00883	 0.07286
2.20000	 -0.00685	 0.06732
2.25000	 -0.00339	 0.06504
2.30000	 -0.00661	 0.06247
2.35000	 -0.00491	 0.07170
2.40000	 -0.00187	 0.06420
2.45000	 -0.00066	 0.06587
2.50000	 -0.00891	 0.06908
2.55000	 -0.00379	 0.07058
2.60000	 -0.00364	 0.06290
2.65000	 -0.00330	 0.06775
2.70000	 -0.00506	 0.07453
2.75000	 -0.00161	 0.06446
2.80000	 0.00060	 0.06527
2.85000	 -0.00302	 0.06068
2.90000	 -0.00406	 0.07736
2.95000	 -0.00320	 0.06758
3.00000	 0.00139	 0.06821
3.05000	 -0.00345	 0.06302
3.10000	 -0.00613	 0.07523
3.15000	 -0.00295	 0.06613
3.20000	 0.00041	 0.07136
3.25000	 -0.00275	 0.06316
3.30000	 -0.00660	 0.07254
3.35000	 -0.00356	 0.07179
3.40000	 0.00128	 0.06992
3.45000	 0.00162	 0.06590
3.50000	 -0.00488	 0.07240
3.55000	 -0.00505	 0.07228
3.60000	 -0.00171	 0.06804
3.65000	 -0.00136	 0.06888
3.70000	 -0.00629	 0.07084
3.75000	 -0.00330	 0.07381
3.80000	 -0.00092	 0.06515
3.85000	 -0.00562	 0.06951
3.90000	 -0.00339	 0.07523
3.95000	 -0.00269	 0.06706
4.00000	 0.00040	 0.06677
4.05000	 -0.00381	 0.06700
4.10000	 -0.00192	 0.07557
4.15000	 -0.00263	 0.06853
4.20000	 -0.00071	 0.06758
4.25000	 -0.00047	 0.06533
4.30000	 -0.00354	 0.07670
4.35000	 -0.00058	 0.07150
4.40000	 0.00050	 0.07257
4.45000	 -0.00291	 0.06492
4.50000	 -0.00516	 0.07404
4.55000	 -0.00458	 0.07159
4.60000	 0.00084	 0.06968
4.65000	 -0.00232	 0.06729
4.70000	 -0.00036	 0.07303
4.75000	 -0.00102	 0.07523
4.80000	 -0.00232	 0.06717
4.85000	 0.00033	 0.06966
4.90000	 -0.00519	 0.07121
4.95000	 0.00094	 0.07182
5.00000	 -0.00067	 0.06807
5.05000	 -0.00344	 0.06934
5.10000	 -0.00415	 0.07603
5.15000	 0.00120	 0.06876
5.20000	 0.00097	 0.06928
5.25000	 -0.00365	 0.06683
5.30000	 -0.00514	 0.07650
5.35000	 -0.00103	 0.06636
5.40000	 -0.00159	 0.07006
5.45000	 -0.00444	 0.06619
5.50000	 -0.00559	 0.07678
5.55000	 -0.00337	 0.06772
5.60000	 0.00021	 0.06841
5.65000	 -0.00275	 0.06377
5.70000	 -0.00612	 0.07834
5.75000	 -0.00464	 0.06787
5.80000	 -0.00353	 0.06763
5.85000	 -0.00736	 0.06377
5.90000	 -0.00722	 0.07344
5.95000	 -0.00359	 0.07009
6.00000	 -0.00106	 0.07240
6.05000	 -0.00235	 0.06579
6.10000	 -0.00215	 0.07372
6.15000	 -0.00314	 0.06983
6.20000	 0.00188	 0.06847
6.25000	 0.00058	 0.06631
6.30000	 -0.00519	 0.07546
6.35000	 0.00224	 0.07214
6.40000	 0.00002	 0.07136
6.45000	 -0.00375	 0.07502
6.50000	 -0.00497	 0.07534
6.55000	 -0.00046	 0.06553
6.60000	 0.00143	 0.06660
6.65000	 -0.00283	 0.06726
6.70000	 -0.00303	 0.07465
6.75000	 0.00072	 0.06538
6.80000	 -0.00078	 0.06925
6.85000	 -0.00145	 0.06564
6.90000	 -0.00452	 0.07849
6.95000	 -0.00250	 0.07260
7.00000	 0.00204	 0.07107
7.05000	 -0.00219	 0.06625
7.10000	 -0.00497	 0.07540
7.15000	 -0.00378	 0.06896
7.20000	 0.00241	 0.06925
7.25000	 -0.00157	 0.06388
7.30000	 -0.00336	 0.07638
7.35000	 -0.00036	 0.06974
7.40000	 -0.00112	 0.07069
7.45000	 -0.00426	 0.06512
7.50000	 -0.00584	 0.06818
7.55000	 -0.00044	 0.06815
7.60000	 -0.00126	 0.06570
7.65000	 -0.00333	 0.07476
7.70000	 -0.00474	 0.07398
7.75000	 0.00022	 0.06905
7.80000	 -0.00030	 0.06890
7.85000	 -0.00371	 0.07052
7.90000	 -0.00440	 0.07407
7.95000	 0.00114	 0.07093
8.00000	 -0.00080	 0.06865
8.05000	 -0.00361	 0.06709
8.10000	 -0.00733	 0.07852
8.15000	 -0.00435	 0.06712
8.20000	 0.00055	 0.06951
8.25000	 -0.00320	 0.06538
8.30000	 -0.00689	 0.07546
8.35000	 0.00066	 0.06824
8.40000	 0.00314	 0.06905
8.45000	 -0.00291	 0.06553
8.50000	 -0.00370	 0.07240
8.55000	 0.00049	 0.06706
8.60000	 -0.00108	 0.07156
8.65000	 -0.00398	 0.06501
8.70000	 -0.00227	 0.06890
8.75000	 0.00201	 0.06761
8.80000	 -0.00345	 0.06567
8.85000	 -0.00316	 0.07525
8.90000	 -0.00384	 0.06997
8.95000	 0.00007	 0.07035
9.00000	 0.00140	 0.06994
9.05000	 -0.00494	 0.07557
9.10000	 -0.00286	 0.07283
9.15000	 -0.00041	 0.06755
9.20000	 0.00147	 0.06758
9.25000	 -0.00281	 0.06856
9.30000	 -0.00438	 0.07381
9.35000	 -0.00054	 0.06882
9.40000	 -0.00046	 0.06781
9.45000	 -0.00305	 0.06951
9.50000	 -0.00407	 0.07635
9.55000	 -0.00402	 0.07041
9.60000	 0.00289	 0.07058
9.65000	 -0.00367	 0.06677
9.70000	 -0.00226	 0.07540
9.75000	 -0.00044	 0.06460
9.80000	 -0.00399	 0.07297
9.85000	 -0.00415	 0.06671
9.90000	 -0.00371	 0.07381
9.95000	 0.00097	 0.06914
