
Automatic Data Collection:
Thu Feb 21 17:01:24 2019
Data points are recorded 50.000000 ms apart

time (s)	Lift (N)	Drag (N)
0.00000	 0.01040	 0.07580
0.05000	 0.00569	 0.08025
0.10000	 0.00571	 0.08905
0.15000	 0.00701	 0.08709
0.20000	 0.00191	 0.06374
0.25000	 0.00090	 0.06994
0.30000	 -0.00240	 0.08683
0.35000	 0.00625	 0.08163
0.40000	 0.00479	 0.08088
0.45000	 0.00360	 0.08810
0.50000	 0.00385	 0.09087
0.55000	 0.00536	 0.07800
0.60000	 0.00392	 0.06252
0.65000	 0.00372	 0.08403
0.70000	 0.00082	 0.09009
0.75000	 0.00768	 0.09156
0.80000	 0.00355	 0.08071
0.85000	 0.00352	 0.08928
0.90000	 -0.00022	 0.08729
0.95000	 0.00318	 0.08028
1.00000	 0.00310	 0.06252
1.05000	 -0.00005	 0.08357
1.10000	 -0.00489	 0.09731
1.15000	 -0.00143	 0.09246
1.20000	 0.00222	 0.07338
1.25000	 0.00099	 0.08293
1.30000	 0.00206	 0.08455
1.35000	 0.00588	 0.07927
1.40000	 0.00540	 0.06504
1.45000	 0.00566	 0.07929
1.50000	 0.00910	 0.10010
1.55000	 0.01140	 0.07647
1.60000	 0.00546	 0.07531
1.65000	 -0.00941	 0.07722
1.70000	 -0.01296	 0.07883
1.75000	 -0.00487	 0.06726
1.80000	 0.00174	 0.08189
1.85000	 -0.00698	 0.08983
1.90000	 -0.00050	 0.09624
1.95000	 0.00585	 0.06711
2.00000	 0.00726	 0.05378
2.05000	 0.00268	 0.07502
2.10000	 0.00400	 0.08663
2.15000	 0.00723	 0.08088
2.20000	 0.00676	 0.07332
2.25000	 0.00070	 0.09084
2.30000	 -0.00081	 0.08810
2.35000	 0.00709	 0.08602
2.40000	 0.00955	 0.06683
2.45000	 0.00580	 0.07852
2.50000	 0.00985	 0.08019
2.55000	 0.00795	 0.08489
2.60000	 -0.00118	 0.07866
2.65000	 -0.00337	 0.09736
2.70000	 0.00167	 0.08466
2.75000	 0.00392	 0.06102
2.80000	 0.00070	 0.07329
2.85000	 -0.00627	 0.08550
2.90000	 0.00577	 0.08818
2.95000	 0.00831	 0.07346
3.00000	 0.00352	 0.08331
3.05000	 -0.00665	 0.08758
3.10000	 -0.00074	 0.08821
3.15000	 0.00571	 0.06786
3.20000	 0.00585	 0.06414
3.25000	 0.00039	 0.08189
3.30000	 -0.00116	 0.09000
3.35000	 0.00406	 0.07938
3.40000	 0.00374	 0.07872
3.45000	 -0.00051	 0.09410
3.50000	 -0.00078	 0.08527
3.55000	 0.00374	 0.07413
3.60000	 0.00498	 0.06726
3.65000	 0.00115	 0.08022
3.70000	 0.00268	 0.09361
3.75000	 -0.00292	 0.08778
3.80000	 -0.01113	 0.07765
3.85000	 0.00391	 0.08689
3.90000	 0.00859	 0.08016
3.95000	 0.00523	 0.06088
4.00000	 -0.00315	 0.07014
4.05000	 -0.00692	 0.08605
4.10000	 0.00096	 0.09072
4.15000	 0.00358	 0.07517
4.20000	 0.00369	 0.08712
4.25000	 0.00225	 0.08842
4.30000	 0.00281	 0.08844
4.35000	 0.00603	 0.06431
4.40000	 0.00346	 0.07485
4.45000	 -0.00143	 0.08611
4.50000	 -0.00109	 0.09298
4.55000	 0.00333	 0.07693
4.60000	 -0.00047	 0.08207
4.65000	 -0.00265	 0.08769
4.70000	 0.00158	 0.08264
4.75000	 0.00933	 0.06769
4.80000	 0.00364	 0.06749
4.85000	 -0.00510	 0.08691
4.90000	 0.00439	 0.08824
4.95000	 0.00344	 0.08100
5.00000	 -0.00467	 0.07468
5.05000	 0.00341	 0.08804
5.10000	 0.00957	 0.07820
5.15000	 0.01157	 0.06610
5.20000	 0.00157	 0.08743
5.25000	 -0.00130	 0.09329
5.30000	 0.00668	 0.08879
5.35000	 0.00481	 0.07219
5.40000	 0.00017	 0.08155
5.45000	 -0.00152	 0.08478
5.50000	 0.00361	 0.07727
5.55000	 0.00690	 0.05970
5.60000	 0.00082	 0.07468
5.65000	 -0.00016	 0.09052
5.70000	 0.00257	 0.10201
5.75000	 0.00546	 0.08504
5.80000	 0.00474	 0.08004
5.85000	 -0.00102	 0.08056
5.90000	 0.00231	 0.08461
5.95000	 0.00479	 0.07707
6.00000	 0.00273	 0.08461
6.05000	 0.00231	 0.08934
6.10000	 0.00554	 0.09029
6.15000	 0.00017	 0.07499
6.20000	 -0.00578	 0.07075
6.25000	 -0.00526	 0.09087
6.30000	 0.00234	 0.07817
6.35000	 0.00811	 0.07139
6.40000	 0.00377	 0.07981
6.45000	 0.00157	 0.08720
6.50000	 0.00980	 0.08134
6.55000	 0.00952	 0.07528
6.60000	 0.00229	 0.08608
6.65000	 0.00115	 0.08790
6.70000	 0.00219	 0.08576
6.75000	 0.00664	 0.07534
6.80000	 0.00104	 0.08585
6.85000	 0.00059	 0.08518
6.90000	 0.01130	 0.08487
6.95000	 0.00980	 0.06590
7.00000	 0.00273	 0.07909
7.05000	 -0.00295	 0.08922
7.10000	 0.00147	 0.09485
7.15000	 0.00744	 0.06654
7.20000	 0.00586	 0.07849
7.25000	 -0.00171	 0.08004
7.30000	 0.00340	 0.08423
7.35000	 0.00333	 0.06824
7.40000	 -0.00268	 0.07673
7.45000	 0.00178	 0.09393
7.50000	 0.00541	 0.07771
7.55000	 0.00367	 0.07395
7.60000	 0.00206	 0.08764
7.65000	 0.00425	 0.08507
7.70000	 0.00837	 0.07367
7.75000	 0.00805	 0.07090
7.80000	 0.00524	 0.09026
7.85000	 0.00391	 0.09344
7.90000	 0.00952	 0.08700
7.95000	 0.00383	 0.06781
8.00000	 0.00347	 0.08163
8.05000	 0.00028	 0.08908
8.10000	 0.00681	 0.08409
8.15000	 0.00802	 0.07800
8.20000	 0.00146	 0.08697
8.25000	 -0.00076	 0.09093
8.30000	 0.00312	 0.08253
8.35000	 0.00620	 0.06284
8.40000	 0.00247	 0.07381
8.45000	 -0.00254	 0.08810
8.50000	 0.00871	 0.09612
8.55000	 0.00355	 0.08068
8.60000	 -0.00349	 0.08663
8.65000	 -0.00282	 0.08697
8.70000	 0.00354	 0.07280
8.75000	 0.00344	 0.07687
8.80000	 -0.00267	 0.08530
8.85000	 -0.00476	 0.08472
8.90000	 0.00167	 0.07626
8.95000	 -0.00216	 0.07338
9.00000	 -0.00234	 0.09497
9.05000	 -0.00403	 0.09295
9.10000	 0.00200	 0.07658
9.15000	 0.00228	 0.06094
9.20000	 -0.00168	 0.07840
9.25000	 0.00126	 0.08564
9.30000	 0.00975	 0.08394
9.35000	 0.00978	 0.07332
9.40000	 0.00215	 0.08596
9.45000	 -0.00132	 0.08908
9.50000	 0.00250	 0.08674
9.55000	 0.00360	 0.07165
9.60000	 -0.00034	 0.08276
9.65000	 -0.00380	 0.07823
9.70000	 0.01118	 0.07574
9.75000	 0.00622	 0.06605
9.80000	 -0.00157	 0.07644
9.85000	 -0.00074	 0.08963
9.90000	 0.00011	 0.07329
9.95000	 -0.00031	 0.07508
