
Automatic Data Collection:
Thu Feb 21 17:00:13 2019
Data points are recorded 50.000000 ms apart

time (s)	Lift (N)	Drag (N)
0.00000	 -0.00017	 0.02105
0.05000	 -0.00509	 0.02740
0.10000	 -0.00228	 0.02685
0.15000	 0.00202	 0.02266
0.20000	 0.00033	 0.02561
0.25000	 -0.00247	 0.02754
0.30000	 -0.00043	 0.03349
0.35000	 0.00318	 0.02379
0.40000	 0.00228	 0.02965
0.45000	 -0.00020	 0.03069
0.50000	 -0.00033	 0.03496
0.55000	 0.00516	 0.02460
0.60000	 0.00509	 0.02448
0.65000	 0.00082	 0.02717
0.70000	 -0.00068	 0.03262
0.75000	 0.00195	 0.02694
0.80000	 0.00115	 0.02968
0.85000	 -0.00380	 0.03092
0.90000	 -0.00380	 0.03401
0.95000	 0.00268	 0.03014
1.00000	 0.00295	 0.02679
1.05000	 0.00104	 0.02922
1.10000	 -0.00101	 0.03155
1.15000	 0.00400	 0.03242
1.20000	 -0.00051	 0.02746
1.25000	 -0.00361	 0.03205
1.30000	 0.00073	 0.03433
1.35000	 0.00208	 0.02027
1.40000	 0.00181	 0.02581
1.45000	 -0.00082	 0.02809
1.50000	 0.00251	 0.03568
1.55000	 0.00344	 0.02653
1.60000	 0.00112	 0.03320
1.65000	 -0.00302	 0.03161
1.70000	 -0.00152	 0.03115
1.75000	 0.00197	 0.02122
1.80000	 0.00090	 0.02570
1.85000	 -0.00197	 0.02815
1.90000	 -0.00147	 0.03323
1.95000	 0.00313	 0.02832
2.00000	 0.00053	 0.03109
2.05000	 -0.00329	 0.03303
2.10000	 -0.00285	 0.03571
2.15000	 0.00315	 0.02405
2.20000	 0.00268	 0.02910
2.25000	 -0.00003	 0.02974
2.30000	 -0.00155	 0.03343
2.35000	 0.00260	 0.03233
2.40000	 -0.00053	 0.02945
2.45000	 -0.00133	 0.03037
2.50000	 0.00203	 0.03398
2.55000	 0.00372	 0.02708
2.60000	 0.00209	 0.02985
2.65000	 -0.00084	 0.03147
2.70000	 0.00155	 0.03080
2.75000	 0.00371	 0.02596
2.80000	 0.00045	 0.03052
2.85000	 -0.00358	 0.03484
2.90000	 -0.00051	 0.03606
2.95000	 -0.00002	 0.02538
3.00000	 -0.00146	 0.03164
3.05000	 -0.00330	 0.02997
3.10000	 -0.00208	 0.03539
3.15000	 0.00215	 0.02160
3.20000	 0.00132	 0.02725
3.25000	 -0.00462	 0.02688
3.30000	 -0.00259	 0.03291
3.35000	 0.00194	 0.02821
3.40000	 0.00040	 0.02850
3.45000	 -0.00031	 0.02786
3.50000	 -0.00146	 0.03603
3.55000	 0.00099	 0.02705
3.60000	 0.00019	 0.02714
3.65000	 -0.00037	 0.03086
3.70000	 0.00470	 0.03571
3.75000	 0.00447	 0.02549
3.80000	 0.00011	 0.03115
3.85000	 -0.00247	 0.03355
3.90000	 0.00132	 0.03207
3.95000	 0.00087	 0.02881
4.00000	 -0.00178	 0.03280
4.05000	 -0.00262	 0.03129
4.10000	 0.00267	 0.03008
4.15000	 0.00434	 0.02593
4.20000	 0.00141	 0.03476
4.25000	 -0.00200	 0.03721
4.30000	 0.00046	 0.03594
4.35000	 0.00222	 0.02878
4.40000	 0.00060	 0.03008
4.45000	 -0.00166	 0.03150
4.50000	 0.00203	 0.03669
4.55000	 0.00422	 0.02451
4.60000	 0.00122	 0.03470
4.65000	 -0.00098	 0.03332
4.70000	 0.00374	 0.03834
4.75000	 0.00146	 0.03124
4.80000	 -0.00256	 0.03248
4.85000	 -0.00064	 0.03334
4.90000	 0.00304	 0.02480
4.95000	 0.00130	 0.02901
5.00000	 -0.00084	 0.03297
5.05000	 0.00008	 0.03857
5.10000	 0.00257	 0.02561
5.15000	 0.00129	 0.02541
5.20000	 -0.00101	 0.02844
5.25000	 -0.00088	 0.03793
5.30000	 0.00450	 0.03242
5.35000	 0.00282	 0.03008
5.40000	 -0.00005	 0.03669
5.45000	 -0.00093	 0.03548
5.50000	 0.00389	 0.03000
5.55000	 0.00554	 0.02598
5.60000	 0.00132	 0.03034
5.65000	 -0.00295	 0.03424
5.70000	 0.00065	 0.03482
5.75000	 0.00228	 0.02870
5.80000	 0.00099	 0.03034
5.85000	 -0.00200	 0.03210
5.90000	 0.00355	 0.03632
5.95000	 0.00212	 0.02645
6.00000	 -0.00150	 0.03285
6.05000	 -0.00101	 0.03219
6.10000	 0.00240	 0.02800
6.15000	 0.00129	 0.03490
6.20000	 -0.00095	 0.03548
6.25000	 0.00056	 0.03880
6.30000	 0.00375	 0.02780
6.35000	 0.00113	 0.03135
6.40000	 -0.00107	 0.03372
6.45000	 -0.00040	 0.03848
6.50000	 0.00132	 0.03101
6.55000	 0.00278	 0.02913
6.60000	 -0.00037	 0.02936
6.65000	 -0.00102	 0.03562
6.70000	 0.00242	 0.02774
6.75000	 0.00033	 0.02887
6.80000	 -0.00351	 0.03144
6.85000	 -0.00499	 0.03337
6.90000	 -0.00101	 0.03320
6.95000	 0.00022	 0.02619
7.00000	 -0.00088	 0.03040
7.05000	 -0.00296	 0.03392
7.10000	 0.00389	 0.03282
7.15000	 0.00070	 0.02405
7.20000	 -0.00285	 0.03179
7.25000	 0.00186	 0.03256
7.30000	 0.00473	 0.02290
7.35000	 0.00327	 0.03147
7.40000	 -0.00203	 0.03040
7.45000	 0.00231	 0.03196
7.50000	 0.00519	 0.02373
7.55000	 0.00183	 0.03164
7.60000	 0.00006	 0.03101
7.65000	 -0.00112	 0.03941
7.70000	 0.00268	 0.02792
7.75000	 0.00140	 0.03135
7.80000	 -0.00251	 0.03199
7.85000	 -0.00118	 0.03329
7.90000	 0.00366	 0.02460
7.95000	 0.00299	 0.02832
8.00000	 -0.00183	 0.03352
8.05000	 -0.00214	 0.04027
8.10000	 0.00234	 0.03135
8.15000	 0.00240	 0.03011
8.20000	 0.00096	 0.03057
8.25000	 -0.00133	 0.03476
8.30000	 0.00183	 0.03199
8.35000	 -0.00073	 0.02916
8.40000	 -0.00236	 0.03398
8.45000	 0.00259	 0.03767
8.50000	 0.00433	 0.02555
8.55000	 0.00152	 0.03098
8.60000	 -0.00177	 0.03383
8.65000	 0.00152	 0.03591
8.70000	 0.00386	 0.03092
8.75000	 0.00202	 0.03181
8.80000	 -0.00219	 0.03219
8.85000	 0.00124	 0.03487
8.90000	 0.00391	 0.02786
8.95000	 0.00321	 0.03202
9.00000	 -0.00061	 0.03366
9.05000	 0.00036	 0.03808
9.10000	 0.00425	 0.02806
9.15000	 0.00330	 0.02725
9.20000	 -0.00068	 0.02662
9.25000	 -0.00109	 0.03357
9.30000	 0.00155	 0.02861
9.35000	 0.00118	 0.03202
9.40000	 -0.00185	 0.03710
9.45000	 -0.00189	 0.03788
9.50000	 0.00136	 0.02748
9.55000	 -0.00093	 0.02382
9.60000	 -0.00309	 0.02518
9.65000	 0.00171	 0.03357
9.70000	 0.00341	 0.03181
9.75000	 -0.00067	 0.03721
9.80000	 -0.00437	 0.03886
9.85000	 0.00279	 0.03554
9.90000	 0.00312	 0.02526
9.95000	 0.00163	 0.03103
