
Automatic Data Collection:
Thu Feb 21 17:01:01 2019
Data points are recorded 50.000000 ms apart

time (s)	Lift (N)	Drag (N)
0.00000	 0.00597	 0.09448
0.05000	 0.00369	 0.08163
0.10000	 0.00096	 0.09026
0.15000	 0.00859	 0.08723
0.20000	 0.00927	 0.08172
0.25000	 0.00005	 0.07058
0.30000	 -0.00529	 0.09387
0.35000	 0.00727	 0.09058
0.40000	 0.00685	 0.07849
0.45000	 -0.00119	 0.08284
0.50000	 0.00186	 0.09621
0.55000	 0.00490	 0.09595
0.60000	 0.00498	 0.08028
0.65000	 0.00350	 0.09168
0.70000	 -0.00332	 0.08914
0.75000	 0.00130	 0.09358
0.80000	 0.01134	 0.07188
0.85000	 0.00095	 0.07479
0.90000	 0.00006	 0.09520
0.95000	 0.00102	 0.09924
1.00000	 0.00682	 0.08937
1.05000	 0.00160	 0.08726
1.10000	 -0.00003	 0.09754
1.15000	 -0.00427	 0.08712
1.20000	 0.00569	 0.07427
1.25000	 0.01064	 0.06948
1.30000	 0.00132	 0.09292
1.35000	 0.00591	 0.10472
1.40000	 0.00397	 0.10259
1.45000	 -0.00427	 0.09072
1.50000	 -0.00279	 0.09531
1.55000	 0.00923	 0.07661
1.60000	 0.01073	 0.06610
1.65000	 0.00429	 0.08873
1.70000	 0.00054	 0.10660
1.75000	 0.00212	 0.10966
1.80000	 0.00177	 0.09026
1.85000	 -0.00248	 0.09687
1.90000	 -0.00288	 0.08769
1.95000	 0.00557	 0.07675
2.00000	 0.00679	 0.06801
2.05000	 0.00318	 0.08847
2.10000	 -0.00228	 0.10536
2.15000	 -0.00084	 0.10025
2.20000	 0.00609	 0.07863
2.25000	 0.00544	 0.07727
2.30000	 0.00302	 0.08420
2.35000	 0.00259	 0.09119
2.40000	 0.00783	 0.08879
2.45000	 0.00664	 0.09087
2.50000	 0.00059	 0.10097
2.55000	 0.00750	 0.09710
2.60000	 0.00141	 0.07872
2.65000	 -0.00141	 0.07797
2.70000	 -0.00045	 0.09035
2.75000	 0.00921	 0.08989
2.80000	 0.00893	 0.07984
2.85000	 0.00457	 0.09023
2.90000	 0.00299	 0.09505
2.95000	 0.00879	 0.09719
3.00000	 0.01044	 0.07661
3.05000	 0.00051	 0.10132
3.10000	 -0.00292	 0.09846
3.15000	 -0.00064	 0.09465
3.20000	 0.00202	 0.08094
3.25000	 -0.00140	 0.09364
3.30000	 -0.00278	 0.09546
3.35000	 -0.00045	 0.09312
3.40000	 0.00124	 0.07670
3.45000	 0.00406	 0.09104
3.50000	 -0.00261	 0.09153
3.55000	 0.00287	 0.09225
3.60000	 0.00904	 0.08302
3.65000	 0.00786	 0.08582
3.70000	 0.00318	 0.10039
3.75000	 0.00845	 0.10103
3.80000	 0.00437	 0.08827
3.85000	 0.00284	 0.08524
3.90000	 0.00110	 0.09361
3.95000	 0.00622	 0.09214
4.00000	 0.00360	 0.09029
4.05000	 0.00391	 0.09771
4.10000	 0.00737	 0.09667
4.15000	 0.01110	 0.08342
4.20000	 0.00647	 0.07029
4.25000	 -0.00059	 0.08954
4.30000	 -0.00242	 0.08917
4.35000	 0.00732	 0.08966
4.40000	 0.00611	 0.08394
4.45000	 -0.00079	 0.09921
4.50000	 -0.00492	 0.09598
4.55000	 0.00682	 0.09938
4.60000	 0.00389	 0.07915
4.65000	 0.00715	 0.09214
4.70000	 0.00684	 0.09064
4.75000	 0.00484	 0.08253
4.80000	 0.00853	 0.07993
4.85000	 0.00535	 0.09638
4.90000	 0.00076	 0.10371
4.95000	 0.00358	 0.10495
5.00000	 -0.00123	 0.08362
5.05000	 -0.00578	 0.08296
5.10000	 -0.00112	 0.09199
5.15000	 0.00253	 0.07768
5.20000	 0.00574	 0.08336
5.25000	 -0.00476	 0.09644
5.30000	 -0.00409	 0.09852
5.35000	 0.00211	 0.08882
5.40000	 -0.00081	 0.08261
5.45000	 0.00048	 0.10207
5.50000	 0.00405	 0.09234
5.55000	 0.00892	 0.08045
5.60000	 0.01075	 0.08068
5.65000	 0.00760	 0.09797
5.70000	 0.00406	 0.10103
5.75000	 0.00536	 0.09456
5.80000	 0.00211	 0.08270
5.85000	 0.00146	 0.09165
5.90000	 -0.00155	 0.09554
5.95000	 -0.00020	 0.08899
6.00000	 0.00099	 0.08140
6.05000	 0.00248	 0.09401
6.10000	 0.00025	 0.09367
6.15000	 0.00769	 0.09950
6.20000	 0.00068	 0.08108
6.25000	 -0.00512	 0.08971
6.30000	 0.00180	 0.08602
6.35000	 0.00295	 0.07941
6.40000	 -0.00019	 0.08914
6.45000	 -0.00104	 0.09601
6.50000	 -0.00203	 0.08928
6.55000	 0.00509	 0.07730
6.60000	 0.00698	 0.08409
6.65000	 0.00609	 0.11047
6.70000	 0.00316	 0.10770
6.75000	 0.00426	 0.09067
6.80000	 0.01220	 0.07906
6.85000	 0.00696	 0.08732
6.90000	 0.00152	 0.09113
6.95000	 0.00957	 0.08420
7.00000	 0.01014	 0.08518
7.05000	 0.00022	 0.09482
7.10000	 0.00147	 0.11024
7.15000	 0.00484	 0.09641
7.20000	 0.00299	 0.07973
7.25000	 -0.00009	 0.08925
7.30000	 0.00831	 0.10028
7.35000	 0.00619	 0.09416
7.40000	 0.00110	 0.08374
7.45000	 0.00003	 0.09361
7.50000	 0.00693	 0.09393
7.55000	 0.00758	 0.07690
7.60000	 0.00716	 0.08931
7.65000	 0.00585	 0.09488
7.70000	 0.00647	 0.09075
7.75000	 0.00608	 0.08732
7.80000	 0.00215	 0.08873
7.85000	 -0.00341	 0.09705
7.90000	 0.00119	 0.09624
7.95000	 0.00857	 0.07823
8.00000	 0.00605	 0.08559
8.05000	 0.00268	 0.09627
8.10000	 0.00084	 0.09935
8.15000	 0.00692	 0.08893
8.20000	 0.00385	 0.08100
8.25000	 -0.00271	 0.09687
8.30000	 -0.00239	 0.10088
8.35000	 0.00619	 0.08564
8.40000	 0.00616	 0.07996
8.45000	 0.00161	 0.09165
8.50000	 0.00659	 0.09705
8.55000	 0.00228	 0.09768
8.60000	 0.00129	 0.08377
8.65000	 -0.00183	 0.10184
8.70000	 0.00769	 0.08166
8.75000	 0.01225	 0.07052
8.80000	 0.01168	 0.08755
8.85000	 0.00478	 0.09907
8.90000	 0.00516	 0.09153
8.95000	 0.01110	 0.08654
9.00000	 0.00332	 0.09119
9.05000	 0.00412	 0.10016
9.10000	 0.00823	 0.09635
9.15000	 0.01171	 0.07912
9.20000	 0.00831	 0.09220
9.25000	 0.00005	 0.09993
9.30000	 0.00318	 0.09883
9.35000	 0.00657	 0.07953
9.40000	 0.00563	 0.07981
9.45000	 0.00215	 0.09823
9.50000	 0.00250	 0.09673
9.55000	 0.01495	 0.08108
9.60000	 0.01230	 0.08593
9.65000	 0.00178	 0.10279
9.70000	 0.00617	 0.10371
9.75000	 0.00538	 0.09771
9.80000	 0.00262	 0.07681
9.85000	 -0.00043	 0.09225
9.90000	 0.00389	 0.08192
9.95000	 0.00737	 0.08082
