
Automatic Data Collection:
Thu Feb 21 17:02:59 2019
Data points are recorded 50.000000 ms apart

time (s)	Lift (N)	Drag (N)
0.00000	 0.01692	 0.34287
0.05000	 0.02039	 0.38527
0.10000	 0.01120	 0.34475
0.15000	 0.01178	 0.34386
0.20000	 0.01484	 0.32313
0.25000	 0.01676	 0.33652
0.30000	 0.02711	 0.36493
0.35000	 0.02056	 0.38588
0.40000	 0.02010	 0.31955
0.45000	 -0.01444	 0.35707
0.50000	 -0.00385	 0.35272
0.55000	 0.02273	 0.32556
0.60000	 0.00989	 0.29718
0.65000	 0.01103	 0.38412
0.70000	 0.01216	 0.37662
0.75000	 0.00174	 0.35739
0.80000	 0.01980	 0.33179
0.85000	 0.03756	 0.31193
0.90000	 0.02354	 0.33274
0.95000	 0.02098	 0.36363
1.00000	 0.00851	 0.39105
1.05000	 0.00516	 0.37041
1.10000	 0.02618	 0.39835
1.15000	 0.00296	 0.36825
1.20000	 0.02076	 0.34995
1.25000	 0.02089	 0.33436
1.30000	 0.00319	 0.36628
1.35000	 0.00509	 0.35214
1.40000	 0.00704	 0.33156
1.45000	 -0.00039	 0.32732
1.50000	 0.01591	 0.33427
1.55000	 0.03444	 0.32957
1.60000	 0.03821	 0.37924
1.65000	 -0.01555	 0.37465
1.70000	 0.00983	 0.38198
1.75000	 0.03917	 0.34186
1.80000	 0.01459	 0.35938
1.85000	 0.01433	 0.36571
1.90000	 -0.01839	 0.37930
1.95000	 -0.03005	 0.27943
2.00000	 0.00609	 0.32238
2.05000	 0.00667	 0.33508
2.10000	 0.01422	 0.38054
2.15000	 0.01444	 0.37829
2.20000	 -0.00320	 0.34005
2.25000	 -0.02523	 0.32082
2.30000	 0.02090	 0.33159
2.35000	 0.02689	 0.34371
2.40000	 0.02179	 0.35987
2.45000	 0.03241	 0.36862
2.50000	 0.02239	 0.34720
2.55000	 0.01503	 0.37543
2.60000	 0.00312	 0.36201
2.65000	 0.01306	 0.36091
2.70000	 0.03962	 0.37356
2.75000	 0.01419	 0.34573
2.80000	 0.02180	 0.35771
2.85000	 0.00665	 0.34036
2.90000	 0.01210	 0.33344
2.95000	 0.00383	 0.35872
3.00000	 0.03591	 0.35023
3.05000	 0.03543	 0.39864
3.10000	 0.02222	 0.34406
3.15000	 0.00799	 0.35430
3.20000	 0.02467	 0.29568
3.25000	 0.02883	 0.34697
3.30000	 0.01774	 0.35797
3.35000	 0.01538	 0.39884
3.40000	 0.00512	 0.37644
3.45000	 0.00369	 0.37653
3.50000	 0.00687	 0.33791
3.55000	 0.03438	 0.29496
3.60000	 0.04553	 0.32761
3.65000	 0.03681	 0.34645
3.70000	 0.02591	 0.38253
3.75000	 0.01727	 0.36781
3.80000	 0.03653	 0.35055
3.85000	 0.02721	 0.31776
3.90000	 0.00744	 0.37650
3.95000	 -0.00444	 0.37789
4.00000	 -0.00831	 0.31499
4.05000	 0.00166	 0.25236
4.10000	 0.02614	 0.29106
4.15000	 0.04258	 0.37523
4.20000	 0.01534	 0.39567
4.25000	 -0.01292	 0.39307
4.30000	 -0.01380	 0.37763
4.35000	 0.00861	 0.29701
4.40000	 0.00766	 0.33144
4.45000	 0.01253	 0.33820
4.50000	 0.03784	 0.38807
4.55000	 0.01794	 0.36262
4.60000	 0.02005	 0.38885
4.65000	 0.01217	 0.34013
4.70000	 0.00808	 0.33872
4.75000	 0.01535	 0.32397
4.80000	 0.03522	 0.33803
4.85000	 0.03111	 0.38646
4.90000	 0.02483	 0.40167
4.95000	 0.00202	 0.40828
5.00000	 0.01757	 0.35208
5.05000	 0.02635	 0.32483
5.10000	 0.02143	 0.31211
5.15000	 0.01914	 0.35289
5.20000	 0.01859	 0.38888
5.25000	 0.02427	 0.39587
5.30000	 0.02526	 0.38689
5.35000	 0.02842	 0.37312
5.40000	 0.00709	 0.32368
5.45000	 0.00040	 0.32489
5.50000	 0.00254	 0.34042
5.55000	 0.01534	 0.36868
5.60000	 -0.00095	 0.39676
5.65000	 0.00566	 0.42597
5.70000	 0.01011	 0.34891
5.75000	 -0.00729	 0.31805
5.80000	 0.02531	 0.31418
5.85000	 0.04136	 0.35826
5.90000	 0.03425	 0.38175
5.95000	 0.02411	 0.43177
6.00000	 0.00797	 0.38972
6.05000	 0.00881	 0.36126
6.10000	 0.03750	 0.27554
6.15000	 0.04592	 0.24586
6.20000	 0.01425	 0.36195
6.25000	 0.01704	 0.39136
6.30000	 0.02079	 0.33251
6.35000	 0.02842	 0.31929
6.40000	 0.04029	 0.31124
6.45000	 0.01681	 0.33286
6.50000	 -0.04615	 0.33393
6.55000	 -0.03948	 0.37526
6.60000	 0.00957	 0.40106
6.65000	 -0.01059	 0.30197
6.70000	 -0.02036	 0.25195
6.75000	 0.03205	 0.35000
6.80000	 0.02104	 0.36602
6.85000	 0.02742	 0.39797
6.90000	 0.01498	 0.38701
6.95000	 0.01031	 0.36071
7.00000	 0.00715	 0.34204
7.05000	 0.02380	 0.33038
7.10000	 0.03239	 0.36879
7.15000	 0.02621	 0.37341
7.20000	 0.01752	 0.35676
7.25000	 0.03007	 0.34925
7.30000	 0.01898	 0.33318
7.35000	 0.03202	 0.32535
7.40000	 0.02599	 0.30529
7.45000	 0.00803	 0.35601
7.50000	 0.00057	 0.40253
7.55000	 0.00014	 0.37991
7.60000	 0.02841	 0.37494
7.65000	 0.03529	 0.33759
7.70000	 0.02855	 0.34905
7.75000	 0.04193	 0.31378
7.80000	 -0.00281	 0.33419
7.85000	 -0.00918	 0.39333
7.90000	 0.00112	 0.37924
7.95000	 0.00099	 0.35018
8.00000	 0.00250	 0.32019
8.05000	 0.03112	 0.34247
8.10000	 0.04415	 0.36885
8.15000	 0.03331	 0.39139
8.20000	 0.02673	 0.35855
8.25000	 0.00008	 0.40583
8.30000	 0.03379	 0.35000
8.35000	 0.01881	 0.35448
8.40000	 -0.00062	 0.33217
8.45000	 -0.00360	 0.39653
8.50000	 0.04337	 0.36839
8.55000	 0.03418	 0.36816
8.60000	 0.00761	 0.33918
8.65000	 0.04238	 0.39174
8.70000	 -0.01050	 0.34146
8.75000	 -0.00181	 0.30633
8.80000	 0.00741	 0.31424
8.85000	 0.01606	 0.33609
8.90000	 0.02445	 0.34383
8.95000	 0.01293	 0.36299
9.00000	 0.03070	 0.35026
9.05000	 0.03816	 0.38432
9.10000	 0.01492	 0.34654
9.15000	 0.01529	 0.33944
9.20000	 0.00110	 0.32117
9.25000	 -0.00200	 0.37474
9.30000	 0.01887	 0.37566
9.35000	 0.04325	 0.38250
9.40000	 0.02191	 0.38170
9.45000	 0.02819	 0.29903
9.50000	 0.03954	 0.30376
9.55000	 0.02332	 0.32965
9.60000	 -0.00239	 0.38683
9.65000	 0.00260	 0.38932
9.70000	 0.00336	 0.36400
9.75000	 0.01959	 0.34888
9.80000	 0.04440	 0.31023
9.85000	 0.02655	 0.33950
9.90000	 0.02008	 0.38126
9.95000	 0.02951	 0.42753
