
Automatic Data Collection:
Tue Feb 26 11:27:11 2019
Data points are recorded 50.000000 ms apart

time (s)	Lift (N)	Drag (N)
0.00000	 0.00694	 0.40210
0.05000	 0.00043	 0.41538
0.10000	 0.00323	 0.45821
0.15000	 -0.00457	 0.42320
0.20000	 0.00877	 0.43651
0.25000	 -0.01700	 0.45836
0.30000	 0.01091	 0.37921
0.35000	 0.00120	 0.46947
0.40000	 -0.04758	 0.53060
0.45000	 -0.02614	 0.42580
0.50000	 0.02434	 0.42978
0.55000	 0.02612	 0.42848
0.60000	 0.01248	 0.40430
0.65000	 0.05340	 0.47949
0.70000	 0.00190	 0.41561
0.75000	 -0.03777	 0.40435
0.80000	 -0.00719	 0.47083
0.85000	 -0.00953	 0.41521
0.90000	 -0.00446	 0.38845
0.95000	 0.01206	 0.40435
1.00000	 0.02911	 0.36487
1.05000	 0.01741	 0.39774
1.10000	 -0.00629	 0.50708
1.15000	 0.02069	 0.43991
1.20000	 -0.00568	 0.47273
1.25000	 0.00374	 0.48927
1.30000	 -0.05529	 0.41310
1.35000	 -0.00972	 0.38328
1.40000	 -0.03498	 0.39526
1.45000	 -0.01209	 0.44687
1.50000	 0.00849	 0.50578
1.55000	 -0.02335	 0.40799
1.60000	 -0.01538	 0.43316
1.65000	 -0.02363	 0.39209
1.70000	 0.01700	 0.40713
1.75000	 0.02386	 0.43778
1.80000	 -0.00916	 0.43212
1.85000	 0.00396	 0.44909
1.90000	 0.00976	 0.49758
1.95000	 -0.03836	 0.39217
2.00000	 0.02257	 0.38256
2.05000	 0.00650	 0.44537
2.10000	 -0.02347	 0.36672
2.15000	 0.02251	 0.44586
2.20000	 0.02218	 0.42326
2.25000	 0.03538	 0.36773
2.30000	 0.01562	 0.41189
2.35000	 0.00982	 0.39809
2.40000	 -0.00567	 0.41183
2.45000	 -0.00078	 0.46670
2.50000	 -0.00221	 0.46321
2.55000	 -0.02753	 0.45475
2.60000	 -0.02093	 0.46647
2.65000	 -0.03730	 0.45495
2.70000	 -0.02533	 0.45458
2.75000	 0.01969	 0.41763
2.80000	 -0.00410	 0.40741
2.85000	 0.00593	 0.44990
2.90000	 0.00582	 0.38282
2.95000	 -0.02623	 0.40213
3.00000	 -0.00615	 0.45463
3.05000	 -0.02262	 0.37945
3.10000	 -0.01223	 0.44156
3.15000	 -0.01476	 0.46586
3.20000	 -0.00728	 0.44563
3.25000	 -0.01286	 0.49836
3.30000	 0.00649	 0.43593
3.35000	 0.00844	 0.39904
3.40000	 -0.01544	 0.45152
3.45000	 -0.04366	 0.44707
3.50000	 -0.03567	 0.47790
3.55000	 0.00345	 0.49141
3.60000	 0.02542	 0.42808
3.65000	 0.03285	 0.38126
3.70000	 -0.00094	 0.41818
3.75000	 0.00083	 0.35205
3.80000	 0.01387	 0.46526
3.85000	 -0.05000	 0.39997
3.90000	 -0.01044	 0.47152
3.95000	 -0.02068	 0.51940
4.00000	 -0.04934	 0.47879
4.05000	 -0.02108	 0.41604
4.10000	 -0.03333	 0.43573
4.15000	 -0.01130	 0.32244
4.20000	 0.00775	 0.38253
4.25000	 0.00993	 0.36221
4.30000	 -0.00525	 0.35751
4.35000	 0.02632	 0.44791
4.40000	 0.01390	 0.43079
4.45000	 -0.01829	 0.38123
4.50000	 0.01868	 0.45360
4.55000	 -0.02273	 0.40675
4.60000	 -0.04662	 0.37598
4.65000	 -0.04008	 0.42326
4.70000	 -0.01635	 0.43339
4.75000	 0.00863	 0.42444
4.80000	 -0.00392	 0.49317
4.85000	 -0.02884	 0.46543
4.90000	 -0.01189	 0.47100
4.95000	 -0.08038	 0.42678
5.00000	 -0.02042	 0.40542
5.05000	 -0.06258	 0.40409
5.10000	 -0.03391	 0.39171
5.15000	 -0.01842	 0.46546
5.20000	 0.01699	 0.46999
5.25000	 0.04851	 0.42211
5.30000	 -0.00706	 0.40632
5.35000	 -0.02766	 0.38963
5.40000	 -0.01161	 0.33857
5.45000	 0.00920	 0.43310
5.50000	 -0.00964	 0.43198
5.55000	 -0.03732	 0.45726
5.60000	 0.00320	 0.56862
5.65000	 0.02080	 0.52024
5.70000	 0.00731	 0.52803
5.75000	 -0.04140	 0.46263
5.80000	 -0.02349	 0.36317
5.85000	 -0.01490	 0.36239
5.90000	 -0.02313	 0.44312
5.95000	 -0.02556	 0.43527
6.00000	 0.02164	 0.46453
6.05000	 -0.02212	 0.45455
6.10000	 0.03415	 0.41512
6.15000	 0.02915	 0.41137
6.20000	 0.00771	 0.36270
6.25000	 -0.01026	 0.42906
6.30000	 0.00833	 0.45888
6.35000	 0.00170	 0.39512
6.40000	 0.02631	 0.47374
6.45000	 -0.01119	 0.41535
6.50000	 -0.02439	 0.35182
6.55000	 -0.01860	 0.39789
6.60000	 -0.05554	 0.44473
6.65000	 -0.01479	 0.43636
6.70000	 0.01717	 0.50722
6.75000	 0.02114	 0.44127
6.80000	 -0.01486	 0.43991
6.85000	 -0.02716	 0.47490
6.90000	 -0.00489	 0.40522
6.95000	 -0.03015	 0.36392
7.00000	 -0.01398	 0.40790
7.05000	 -0.02629	 0.39757
7.10000	 -0.00598	 0.47513
7.15000	 -0.04304	 0.44618
7.20000	 0.00488	 0.40502
7.25000	 -0.06444	 0.50416
7.30000	 0.01815	 0.43934
7.35000	 -0.01192	 0.40386
7.40000	 -0.01289	 0.41656
7.45000	 -0.04143	 0.39212
7.50000	 -0.02798	 0.44834
7.55000	 0.02274	 0.42479
7.60000	 -0.02049	 0.42023
7.65000	 0.00012	 0.44681
7.70000	 -0.04419	 0.43019
7.75000	 0.02383	 0.43622
7.80000	 0.01043	 0.49311
7.85000	 -0.00361	 0.41122
7.90000	 0.00438	 0.41324
7.95000	 -0.03439	 0.43726
8.00000	 -0.03611	 0.41526
8.05000	 -0.03865	 0.38744
8.10000	 -0.01407	 0.49011
8.15000	 -0.02612	 0.43449
8.20000	 -0.01766	 0.48508
8.25000	 -0.03966	 0.46165
8.30000	 -0.00071	 0.48670
8.35000	 -0.03586	 0.41977
8.40000	 -0.01203	 0.36819
8.45000	 -0.00075	 0.38363
8.50000	 -0.00478	 0.48595
8.55000	 -0.02504	 0.44667
8.60000	 -0.01494	 0.46505
8.65000	 -0.00747	 0.36969
8.70000	 0.02144	 0.37338
8.75000	 0.02657	 0.38025
8.80000	 0.04575	 0.34062
8.85000	 0.00049	 0.41281
8.90000	 -0.03209	 0.46182
8.95000	 -0.02513	 0.37226
9.00000	 -0.03941	 0.45013
9.05000	 -0.01803	 0.43310
9.10000	 0.02209	 0.47360
9.15000	 0.04782	 0.49865
9.20000	 -0.00734	 0.45495
9.25000	 -0.05669	 0.40057
9.30000	 0.05579	 0.44456
9.35000	 0.00776	 0.33860
9.40000	 -0.00133	 0.36143
9.45000	 -0.00775	 0.45622
9.50000	 0.00663	 0.42880
9.55000	 0.01328	 0.46191
9.60000	 0.00534	 0.51528
9.65000	 0.00319	 0.45709
9.70000	 -0.01502	 0.43394
9.75000	 -0.02725	 0.42984
9.80000	 -0.03667	 0.46999
9.85000	 -0.00503	 0.47077
9.90000	 -0.01828	 0.38747
9.95000	 -0.02702	 0.49680
