
Automatic Data Collection:
Tue Feb 26 11:26:30 2019
Data points are recorded 50.000000 ms apart

time (s)	Lift (N)	Drag (N)
0.00000	 -0.04312	 0.43235
0.05000	 0.00193	 0.41148
0.10000	 -0.01783	 0.43784
0.15000	 -0.03692	 0.46312
0.20000	 -0.07666	 0.36100
0.25000	 -0.00537	 0.51057
0.30000	 -0.03887	 0.41974
0.35000	 -0.01886	 0.39766
0.40000	 -0.00537	 0.39812
0.45000	 -0.02742	 0.34357
0.50000	 -0.01514	 0.36640
0.55000	 0.00654	 0.38784
0.60000	 0.00407	 0.37307
0.65000	 -0.00727	 0.45409
0.70000	 -0.01338	 0.38204
0.75000	 -0.03707	 0.38559
0.80000	 -0.00109	 0.37780
0.85000	 -0.00077	 0.31825
0.90000	 -0.00928	 0.38735
0.95000	 -0.01060	 0.39362
1.00000	 -0.02443	 0.35690
1.05000	 -0.04061	 0.39431
1.10000	 -0.04686	 0.33248
1.15000	 0.01020	 0.40586
1.20000	 -0.01341	 0.36172
1.25000	 0.00264	 0.44110
1.30000	 0.02494	 0.37572
1.35000	 0.02668	 0.34654
1.40000	 0.00677	 0.38037
1.45000	 -0.01302	 0.37012
1.50000	 -0.01620	 0.39012
1.55000	 -0.00982	 0.39240
1.60000	 0.00930	 0.39007
1.65000	 0.02829	 0.45059
1.70000	 0.03490	 0.41830
1.75000	 -0.01117	 0.37223
1.80000	 0.00221	 0.41804
1.85000	 0.00002	 0.39668
1.90000	 -0.04862	 0.38175
1.95000	 -0.00913	 0.36934
2.00000	 -0.02015	 0.36874
2.05000	 -0.04199	 0.37494
2.10000	 -0.00689	 0.34972
2.15000	 0.01243	 0.41705
2.20000	 -0.00156	 0.45715
2.25000	 -0.03467	 0.39933
2.30000	 -0.03281	 0.45752
2.35000	 -0.02547	 0.43472
2.40000	 0.01703	 0.40092
2.45000	 -0.02305	 0.33462
2.50000	 -0.01097	 0.35777
2.55000	 0.01134	 0.37976
2.60000	 0.00128	 0.37650
2.65000	 -0.00813	 0.45919
2.70000	 -0.01975	 0.37659
2.75000	 0.02442	 0.37185
2.80000	 0.00466	 0.36943
2.85000	 0.02333	 0.35540
2.90000	 -0.01058	 0.40236
2.95000	 -0.00889	 0.42537
3.00000	 -0.02507	 0.39650
3.05000	 0.01161	 0.41668
3.10000	 -0.00778	 0.39803
3.15000	 -0.00390	 0.43908
3.20000	 -0.02589	 0.44300
3.25000	 -0.05061	 0.36957
3.30000	 -0.02145	 0.43310
3.35000	 -0.00449	 0.38147
3.40000	 0.01812	 0.40080
3.45000	 0.01058	 0.40101
3.50000	 0.01775	 0.35052
3.55000	 -0.01679	 0.41405
3.60000	 -0.05030	 0.37373
3.65000	 0.00035	 0.44993
3.70000	 0.00179	 0.42072
3.75000	 -0.00880	 0.40230
3.80000	 -0.01775	 0.52763
3.85000	 -0.02113	 0.45642
3.90000	 -0.00772	 0.48399
3.95000	 -0.01576	 0.39344
4.00000	 0.00492	 0.36923
4.05000	 -0.01458	 0.38210
4.10000	 0.01626	 0.33046
4.15000	 0.02407	 0.37067
4.20000	 -0.00376	 0.40661
4.25000	 0.00350	 0.34695
4.30000	 0.03237	 0.42190
4.35000	 0.01734	 0.38551
4.40000	 -0.00630	 0.36879
4.45000	 -0.01120	 0.39171
4.50000	 0.01592	 0.33439
4.55000	 -0.00984	 0.39036
4.60000	 -0.01708	 0.44084
4.65000	 0.01815	 0.34201
4.70000	 -0.00784	 0.39570
4.75000	 0.00556	 0.38611
4.80000	 0.01016	 0.39145
4.85000	 -0.00567	 0.38779
4.90000	 0.03299	 0.49568
4.95000	 0.01004	 0.47112
5.00000	 -0.00280	 0.45997
5.05000	 -0.02493	 0.42542
5.10000	 -0.01617	 0.38577
5.15000	 0.00919	 0.41137
5.20000	 0.04326	 0.41801
5.25000	 0.01741	 0.35301
5.30000	 0.00205	 0.44800
5.35000	 -0.02516	 0.37930
5.40000	 -0.01052	 0.36623
5.45000	 -0.03785	 0.36842
5.50000	 -0.02600	 0.35151
5.55000	 -0.01984	 0.37641
5.60000	 -0.03063	 0.40863
5.65000	 -0.00720	 0.36374
5.70000	 -0.00888	 0.41804
5.75000	 0.00469	 0.39852
5.80000	 -0.01586	 0.41668
5.85000	 -0.02814	 0.42086
5.90000	 -0.06649	 0.38510
5.95000	 -0.02699	 0.36112
6.00000	 -0.03913	 0.35944
6.05000	 -0.01779	 0.37933
6.10000	 -0.02718	 0.38969
6.15000	 -0.00345	 0.36865
6.20000	 0.02417	 0.40687
6.25000	 -0.02786	 0.40738
6.30000	 0.03363	 0.43437
6.35000	 0.01060	 0.33722
6.40000	 0.03263	 0.37618
6.45000	 0.02609	 0.43024
6.50000	 -0.01209	 0.35076
6.55000	 0.00227	 0.35921
6.60000	 0.00945	 0.41428
6.65000	 0.03144	 0.38383
6.70000	 0.00996	 0.41469
6.75000	 -0.02476	 0.41630
6.80000	 -0.01279	 0.43616
6.85000	 0.00520	 0.41720
6.90000	 -0.00268	 0.38424
6.95000	 -0.02387	 0.40539
7.00000	 -0.01297	 0.39962
7.05000	 -0.04239	 0.42006
7.10000	 -0.01938	 0.40433
7.15000	 0.00387	 0.42107
7.20000	 -0.00125	 0.45400
7.25000	 -0.02482	 0.40046
7.30000	 0.00489	 0.43345
7.35000	 0.04183	 0.33831
7.40000	 -0.01203	 0.38022
7.45000	 -0.00019	 0.39281
7.50000	 -0.01429	 0.34169
7.55000	 -0.02052	 0.38421
7.60000	 -0.02975	 0.40337
7.65000	 -0.02859	 0.33067
7.70000	 -0.01769	 0.41674
7.75000	 -0.01210	 0.39249
7.80000	 0.01948	 0.42118
7.85000	 -0.00050	 0.41700
7.90000	 -0.02801	 0.35953
7.95000	 0.00592	 0.41653
8.00000	 0.02621	 0.38675
8.05000	 0.00745	 0.36611
8.10000	 -0.00592	 0.38787
8.15000	 -0.01049	 0.39353
8.20000	 0.03397	 0.42023
8.25000	 -0.01700	 0.42063
8.30000	 -0.03581	 0.40554
8.35000	 -0.00339	 0.35419
8.40000	 -0.02007	 0.38375
8.45000	 -0.00365	 0.39645
8.50000	 -0.01863	 0.31196
8.55000	 -0.02087	 0.32227
8.60000	 -0.00171	 0.37463
8.65000	 -0.02642	 0.39616
8.70000	 0.00207	 0.44779
8.75000	 0.00264	 0.44759
8.80000	 -0.01573	 0.39033
8.85000	 0.01765	 0.38207
8.90000	 0.00216	 0.31306
8.95000	 -0.02446	 0.36686
9.00000	 -0.01012	 0.37471
9.05000	 0.00060	 0.39217
9.10000	 -0.00534	 0.43486
9.15000	 -0.01764	 0.39489
9.20000	 0.00644	 0.35494
9.25000	 0.00292	 0.35353
9.30000	 0.00060	 0.31730
9.35000	 0.02029	 0.41169
9.40000	 -0.01117	 0.39529
9.45000	 0.00289	 0.42641
9.50000	 -0.01079	 0.38525
9.55000	 -0.00852	 0.41639
9.60000	 -0.00275	 0.40069
9.65000	 0.00464	 0.34830
9.70000	 -0.02288	 0.41203
9.75000	 0.02955	 0.41197
9.80000	 -0.00010	 0.39656
9.85000	 0.01778	 0.43882
9.90000	 -0.02591	 0.31470
9.95000	 -0.02716	 0.35018
