
Automatic Data Collection:
Tue Feb 26 11:57:07 2019
Data points are recorded 50.000000 ms apart

time (s)	Lift (N)	Drag (N)
0.00000	 0.00077	 0.04160
0.05000	 0.00013	 0.05237
0.10000	 0.00209	 0.05421
0.15000	 0.00548	 0.05003
0.20000	 0.00457	 0.04501
0.25000	 -0.00086	 0.04706
0.30000	 0.00095	 0.05517
0.35000	 0.00407	 0.04919
0.40000	 -0.00033	 0.04856
0.45000	 -0.00238	 0.05863
0.50000	 0.00244	 0.05398
0.55000	 0.00429	 0.05032
0.60000	 0.00257	 0.04327
0.65000	 0.00013	 0.05687
0.70000	 0.00244	 0.05378
0.75000	 0.00533	 0.05084
0.80000	 -0.00033	 0.04209
0.85000	 -0.00050	 0.05488
0.90000	 0.00162	 0.05407
0.95000	 0.00585	 0.05346
1.00000	 0.00728	 0.04226
1.05000	 0.00342	 0.05808
1.10000	 0.00133	 0.05468
1.15000	 0.00761	 0.05395
1.20000	 0.00623	 0.05078
1.25000	 0.00089	 0.05742
1.30000	 0.00303	 0.05658
1.35000	 0.00140	 0.05491
1.40000	 -0.00235	 0.04541
1.45000	 0.00222	 0.05118
1.50000	 0.00295	 0.05410
1.55000	 0.01057	 0.04607
1.60000	 0.00326	 0.05190
1.65000	 -0.00192	 0.05846
1.70000	 0.00165	 0.05707
1.75000	 0.00726	 0.05011
1.80000	 0.00215	 0.05130
1.85000	 -0.00116	 0.06232
1.90000	 0.00353	 0.05811
1.95000	 0.00328	 0.04954
2.00000	 0.00404	 0.05162
2.05000	 -0.00021	 0.05906
2.10000	 0.00267	 0.05488
2.15000	 0.00568	 0.05268
2.20000	 0.00460	 0.04538
2.25000	 0.00337	 0.06001
2.30000	 0.00511	 0.05869
2.35000	 0.00837	 0.05087
2.40000	 0.00595	 0.04801
2.45000	 0.00320	 0.05866
2.50000	 -0.00075	 0.05681
2.55000	 0.00454	 0.05987
2.60000	 0.00275	 0.04986
2.65000	 0.00094	 0.05990
2.70000	 0.00167	 0.06103
2.75000	 0.00556	 0.05476
2.80000	 0.00404	 0.04512
2.85000	 -0.00116	 0.05771
2.90000	 0.00936	 0.05632
2.95000	 0.00922	 0.05153
3.00000	 0.00199	 0.05110
3.05000	 0.00123	 0.06123
3.10000	 0.00654	 0.05675
3.15000	 0.00744	 0.04685
3.20000	 0.00174	 0.04867
3.25000	 0.00019	 0.05773
3.30000	 0.00010	 0.05355
3.35000	 0.00540	 0.05214
3.40000	 0.00320	 0.04668
3.45000	 0.00353	 0.06293
3.50000	 0.00410	 0.05684
3.55000	 0.00395	 0.05493
3.60000	 0.00342	 0.04723
3.65000	 -0.00218	 0.06224
3.70000	 0.00071	 0.05773
3.75000	 0.00353	 0.05779
3.80000	 0.00373	 0.04703
3.85000	 -0.00001	 0.05886
3.90000	 0.00708	 0.05745
3.95000	 0.00612	 0.05505
4.00000	 -0.00198	 0.04501
4.05000	 -0.00241	 0.05623
4.10000	 0.00700	 0.05667
4.15000	 0.00666	 0.04850
4.20000	 -0.00041	 0.05444
4.25000	 0.00134	 0.06163
4.30000	 0.00199	 0.05485
4.35000	 0.00222	 0.04833
4.40000	 -0.00159	 0.05107
4.45000	 0.00176	 0.05753
4.50000	 0.00506	 0.06027
4.55000	 0.00526	 0.05620
4.60000	 0.00533	 0.05369
4.65000	 0.00390	 0.06411
4.70000	 0.00592	 0.05823
4.75000	 0.00801	 0.05442
4.80000	 0.00342	 0.04948
4.85000	 0.00570	 0.06062
4.90000	 -0.00168	 0.05644
4.95000	 0.00604	 0.05271
5.00000	 0.00089	 0.04697
5.05000	 0.00075	 0.06484
5.10000	 0.00644	 0.05543
5.15000	 0.00356	 0.05349
5.20000	 0.00046	 0.04962
5.25000	 0.00334	 0.06215
5.30000	 0.00778	 0.05990
5.35000	 0.00564	 0.04544
5.40000	 0.00157	 0.06033
5.45000	 0.00440	 0.06408
5.50000	 0.00495	 0.05825
5.55000	 0.00376	 0.05092
5.60000	 0.00058	 0.05517
5.65000	 -0.00040	 0.05623
5.70000	 0.00433	 0.05589
5.75000	 0.00751	 0.04864
5.80000	 0.00320	 0.05346
5.85000	 0.00250	 0.06137
5.90000	 0.00508	 0.06025
5.95000	 0.00570	 0.05410
6.00000	 0.00188	 0.05372
6.05000	 -0.00378	 0.05828
6.10000	 0.00043	 0.05361
6.15000	 -0.00223	 0.04703
6.20000	 0.00100	 0.04420
6.25000	 0.00342	 0.05961
6.30000	 0.00745	 0.06030
6.35000	 0.00618	 0.05762
6.40000	 0.00359	 0.04766
6.45000	 0.00199	 0.06111
6.50000	 0.00948	 0.05525
6.55000	 0.00547	 0.04515
6.60000	 0.00556	 0.05958
6.65000	 0.00232	 0.06201
6.70000	 0.00254	 0.05880
6.75000	 0.00421	 0.04833
6.80000	 -0.00250	 0.05958
6.85000	 -0.00219	 0.06030
6.90000	 0.00021	 0.05216
6.95000	 0.00081	 0.04541
7.00000	 -0.00038	 0.04873
7.05000	 -0.00240	 0.05950
7.10000	 0.00588	 0.05635
7.15000	 0.00948	 0.05098
7.20000	 0.00520	 0.05032
7.25000	 0.00154	 0.06374
7.30000	 0.01016	 0.05892
7.35000	 0.00554	 0.05309
7.40000	 0.00224	 0.04656
7.45000	 0.00187	 0.06085
7.50000	 0.00885	 0.05877
7.55000	 0.00664	 0.05733
7.60000	 0.00106	 0.04590
7.65000	 0.00160	 0.05981
7.70000	 0.00309	 0.05349
7.75000	 0.00168	 0.04951
7.80000	 0.00359	 0.06351
7.85000	 0.00464	 0.05756
7.90000	 0.00494	 0.05447
7.95000	 0.00334	 0.04503
8.00000	 0.00153	 0.05242
8.05000	 0.00137	 0.05418
8.10000	 0.00553	 0.05566
8.15000	 0.00849	 0.05280
8.20000	 0.00458	 0.05883
8.25000	 0.00088	 0.06258
8.30000	 0.00230	 0.05583
8.35000	 0.00725	 0.04706
8.40000	 -0.00111	 0.04535
8.45000	 -0.00195	 0.05551
8.50000	 0.00388	 0.05947
8.55000	 0.00092	 0.05101
8.60000	 0.00432	 0.04925
8.65000	 0.00323	 0.06660
8.70000	 0.00661	 0.05782
8.75000	 0.00762	 0.05089
8.80000	 0.00468	 0.05113
8.85000	 0.00317	 0.06143
8.90000	 0.00734	 0.05297
8.95000	 0.00533	 0.04518
9.00000	 0.00660	 0.05900
9.05000	 0.00725	 0.05427
9.10000	 0.00816	 0.05260
9.15000	 0.00613	 0.05023
9.20000	 0.00038	 0.05652
9.25000	 0.00243	 0.05745
9.30000	 0.00886	 0.05779
9.35000	 0.00765	 0.04965
9.40000	 0.00334	 0.05938
9.45000	 0.00274	 0.06143
9.50000	 0.00440	 0.05664
9.55000	 0.00357	 0.04991
9.60000	 0.00119	 0.05664
9.65000	 0.00528	 0.05869
9.70000	 0.00450	 0.05661
9.75000	 0.00250	 0.05222
9.80000	 0.00294	 0.05110
9.85000	 0.00509	 0.06261
9.90000	 0.00364	 0.05719
9.95000	 -0.00015	 0.04983
