
Automatic Data Collection:
Tue Feb 26 11:59:53 2019
Data points are recorded 50.000000 ms apart

time (s)	Lift (N)	Drag (N)
0.00000	 0.06875	 0.55335
0.05000	 0.05849	 0.47790
0.10000	 0.07106	 0.48581
0.15000	 0.04816	 0.46976
0.20000	 0.03349	 0.48110
0.25000	 0.01415	 0.52298
0.30000	 0.06396	 0.50411
0.35000	 0.04386	 0.51109
0.40000	 0.04053	 0.54717
0.45000	 0.07148	 0.48485
0.50000	 0.05633	 0.50431
0.55000	 0.02122	 0.50024
0.60000	 0.06331	 0.48257
0.65000	 0.03225	 0.52142
0.70000	 0.03826	 0.44586
0.75000	 0.06044	 0.49712
0.80000	 0.01741	 0.49366
0.85000	 0.04791	 0.56697
0.90000	 0.09342	 0.53138
0.95000	 0.03651	 0.54576
1.00000	 0.03102	 0.53028
1.05000	 0.01503	 0.48396
1.10000	 0.06259	 0.51242
1.15000	 0.02702	 0.49106
1.20000	 0.01652	 0.49677
1.25000	 0.02789	 0.51184
1.30000	 0.07452	 0.52021
1.35000	 0.02662	 0.54789
1.40000	 0.02815	 0.49143
1.45000	 0.03422	 0.50266
1.50000	 0.02902	 0.53672
1.55000	 0.01927	 0.51865
1.60000	 0.03747	 0.51776
1.65000	 0.04399	 0.54778
1.70000	 0.06883	 0.49955
1.75000	 0.03812	 0.56143
1.80000	 0.01942	 0.52596
1.85000	 0.00886	 0.52673
1.90000	 0.07036	 0.53026
1.95000	 0.01376	 0.51204
2.00000	 0.01646	 0.51744
2.05000	 0.02853	 0.50266
2.10000	 0.04372	 0.52105
2.15000	 0.02190	 0.50157
2.20000	 0.03744	 0.51940
2.25000	 0.03588	 0.50437
2.30000	 0.03829	 0.48615
2.35000	 0.04428	 0.54656
2.40000	 0.03954	 0.47366
2.45000	 0.05010	 0.53609
2.50000	 0.04298	 0.59318
2.55000	 0.05686	 0.54189
2.60000	 0.05723	 0.56844
2.65000	 0.03127	 0.54151
2.70000	 0.01806	 0.48171
2.75000	 0.00081	 0.49458
2.80000	 0.02904	 0.46604
2.85000	 0.05402	 0.48979
2.90000	 0.04977	 0.51372
2.95000	 0.03361	 0.49605
3.00000	 0.02451	 0.54460
3.05000	 0.04609	 0.48185
3.10000	 0.07956	 0.53098
3.15000	 0.04806	 0.48491
3.20000	 0.07554	 0.52746
3.25000	 0.03115	 0.51181
3.30000	 0.01325	 0.49911
3.35000	 0.00995	 0.53277
3.40000	 0.05436	 0.47897
3.45000	 0.05638	 0.46950
3.50000	 0.06491	 0.51225
3.55000	 0.00267	 0.48774
3.60000	 0.01755	 0.52226
3.65000	 0.01857	 0.45137
3.70000	 0.02981	 0.46133
3.75000	 0.04906	 0.47807
3.80000	 0.03298	 0.42987
3.85000	 0.04054	 0.49992
3.90000	 0.05752	 0.47051
3.95000	 0.04603	 0.48145
4.00000	 0.04509	 0.51479
4.05000	 0.05337	 0.45983
4.10000	 -0.01970	 0.47031
4.15000	 0.03653	 0.50012
4.20000	 0.02111	 0.44113
4.25000	 0.04433	 0.53831
4.30000	 0.01035	 0.51897
4.35000	 0.03583	 0.55762
4.40000	 0.02697	 0.53822
4.45000	 0.02420	 0.56980
4.50000	 0.00878	 0.51542
4.55000	 0.02260	 0.49256
4.60000	 0.06678	 0.52443
4.65000	 0.05079	 0.48335
4.70000	 0.00900	 0.48549
4.75000	 0.06929	 0.51782
4.80000	 0.05666	 0.49758
4.85000	 0.05689	 0.53793
4.90000	 0.03341	 0.50263
4.95000	 0.03488	 0.52137
5.00000	 0.02662	 0.52385
5.05000	 0.02252	 0.47836
5.10000	 0.02732	 0.51620
5.15000	 0.02490	 0.51525
5.20000	 0.03288	 0.52584
5.25000	 0.02846	 0.54414
5.30000	 0.05695	 0.47856
5.35000	 0.01096	 0.49776
5.40000	 0.05349	 0.48936
5.45000	 0.05811	 0.49060
5.50000	 0.06808	 0.53528
5.55000	 0.02217	 0.48151
5.60000	 -0.00106	 0.54607
5.65000	 0.00491	 0.46370
5.70000	 0.03575	 0.53213
5.75000	 0.01263	 0.53418
5.80000	 0.03918	 0.51686
5.85000	 0.04476	 0.53245
5.90000	 0.04445	 0.48396
5.95000	 0.06584	 0.52581
6.00000	 0.04185	 0.50757
6.05000	 0.01246	 0.52948
6.10000	 0.04875	 0.54249
6.15000	 0.02505	 0.51170
6.20000	 0.03468	 0.47977
6.25000	 0.06117	 0.51149
6.30000	 0.00412	 0.45977
6.35000	 0.03584	 0.48855
6.40000	 0.04214	 0.44297
6.45000	 0.03028	 0.45230
6.50000	 0.04712	 0.51138
6.55000	 0.07253	 0.45449
6.60000	 0.06633	 0.48728
6.65000	 0.03592	 0.50823
6.70000	 0.05625	 0.49862
6.75000	 0.02834	 0.50546
6.80000	 0.04146	 0.53233
6.85000	 0.02983	 0.54105
6.90000	 0.01882	 0.49940
6.95000	 0.04034	 0.55390
7.00000	 0.01471	 0.53069
7.05000	 0.01806	 0.53011
7.10000	 0.03631	 0.53969
7.15000	 0.06590	 0.53421
7.20000	 0.06825	 0.56807
7.25000	 0.05013	 0.57664
7.30000	 0.06447	 0.53320
7.35000	 0.04968	 0.53874
7.40000	 0.02553	 0.48107
7.45000	 0.04237	 0.51294
7.50000	 0.00191	 0.50468
7.55000	 0.05374	 0.45945
7.60000	 0.08897	 0.53476
7.65000	 0.01333	 0.45839
7.70000	 0.01313	 0.50310
7.75000	 0.03696	 0.52134
7.80000	 0.03076	 0.49034
7.85000	 0.05323	 0.53828
7.90000	 0.02076	 0.52795
7.95000	 0.02794	 0.53308
8.00000	 0.02358	 0.48029
8.05000	 0.02482	 0.49366
8.10000	 0.02380	 0.51522
8.15000	 -0.01474	 0.49761
8.20000	 0.04867	 0.54249
8.25000	 0.05056	 0.47394
8.30000	 0.01350	 0.47322
8.35000	 0.02093	 0.51002
8.40000	 0.04724	 0.49594
8.45000	 0.05957	 0.52437
8.50000	 0.04383	 0.54010
8.55000	 0.05582	 0.50203
8.60000	 0.05390	 0.56201
8.65000	 0.01755	 0.50070
8.70000	 0.02378	 0.51141
8.75000	 0.03285	 0.49423
8.80000	 0.03298	 0.48878
8.85000	 0.04484	 0.51352
8.90000	 0.03372	 0.47542
8.95000	 0.00767	 0.42450
9.00000	 0.06746	 0.51678
9.05000	 0.08618	 0.48263
9.10000	 0.08438	 0.51369
9.15000	 0.02345	 0.47441
9.20000	 0.05011	 0.52705
9.25000	 0.05698	 0.51412
9.30000	 0.02874	 0.53008
9.35000	 0.03628	 0.54094
9.40000	 0.03805	 0.51744
9.45000	 0.01533	 0.52327
9.50000	 0.01154	 0.50096
9.55000	 0.02479	 0.46205
9.60000	 0.04476	 0.50872
9.65000	 0.06444	 0.47871
9.70000	 0.05368	 0.50315
9.75000	 0.07064	 0.50269
9.80000	 0.06787	 0.45818
9.85000	 0.07409	 0.51880
9.90000	 0.07303	 0.47270
9.95000	 0.01277	 0.43322
