<<PMCA SPECTRUM>>
TAG - live_data
DESCRIPTION - 
GAIN - 1
THRESHOLD - 10
LIVE_MODE - 0
PRESET_TIME - 600
LIVE_TIME - 600.000000
REAL_TIME - 600.013333
START_TIME - 11/06/2018 14:53:21
SERIAL_NUMBER - 1912
<<DATA>>
0
0
0
0
0
0
0
0
0
4
10
10
12
18
14
22
9
15
18
14
15
11
20
36
47
21
37
35
27
34
16
21
22
15
20
16
20
20
15
21
15
18
21
11
19
15
17
17
13
14
14
13
17
23
21
7
13
15
15
14
23
17
13
10
16
8
13
16
15
14
11
13
13
16
14
14
19
11
18
12
15
9
17
11
11
11
10
9
13
12
11
8
10
4
10
11
11
13
13
12
16
8
11
15
12
5
11
13
9
10
5
8
9
10
6
15
8
6
11
6
11
8
10
9
5
4
5
10
4
8
5
6
6
7
14
12
6
8
8
5
8
6
11
6
5
9
6
9
12
10
9
13
8
13
7
8
5
12
7
1
4
9
5
4
6
8
5
7
8
2
5
3
5
5
7
11
5
6
4
6
8
7
9
8
8
7
3
3
7
4
6
2
8
3
7
5
3
9
9
2
9
5
2
2
7
6
5
8
8
6
4
2
5
5
3
1
9
6
6
3
8
5
5
2
4
5
4
5
3
3
3
4
4
3
4
10
3
4
3
4
4
1
11
4
2
5
3
3
1
2
4
4
3
5
2
5
2
6
2
6
7
2
3
2
3
4
5
5
1
2
4
5
10
9
3
3
5
6
4
5
3
1
6
1
1
5
2
3
2
3
2
3
5
4
2
4
1
4
2
3
1
4
9
3
1
3
2
6
2
0
0
1
4
2
0
2
2
1
2
1
3
2
5
2
2
5
2
1
1
4
1
3
4
2
5
2
2
4
1
6
5
2
4
1
2
2
1
2
1
2
3
1
1
1
5
3
0
2
1
2
1
1
1
2
2
2
2
2
2
2
0
1
3
2
0
1
1
3
1
0
3
3
2
2
1
1
2
1
0
0
2
2
3
4
4
2
1
0
3
0
2
5
1
1
3
2
2
1
4
4
2
7
3
3
7
3
6
4
6
0
3
4
0
2
1
1
2
0
0
1
0
1
1
0
1
0
1
1
0
1
0
1
1
1
1
0
1
0
2
1
1
1
1
0
1
0
0
0
2
0
1
0
0
1
2
1
1
0
0
0
1
0
1
0
0
0
0
1
0
1
0
1
1
0
1
0
0
2
1
0
4
1
0
0
0
0
0
0
0
0
0
0
0
0
0
0
0
0
0
0
0
0
<<END>>
