<<PMCA SPECTRUM>>
TAG - live_data
DESCRIPTION - 
GAIN - 1
THRESHOLD - 10
LIVE_MODE - 0
PRESET_TIME - 60
LIVE_TIME - 60.000000
REAL_TIME - 61.520000
START_TIME - 11/06/2018 15:18:31
SERIAL_NUMBER - 1912
<<DATA>>
0
0
0
0
0
0
0
0
0
161
844
916
986
1021
1085
1021
1013
1035
1128
1164
1330
1566
1816
2285
2359
2014
1516
1409
1218
1019
846
841
818
864
880
803
852
841
839
850
916
936
876
877
876
909
941
863
910
898
889
908
991
931
911
1005
917
963
907
1029
1034
1147
1049
1105
1148
1291
1341
1338
1430
1441
1398
1394
1363
1375
1452
1376
1377
1321
1389
1346
1314
1296
1213
1324
1265
1221
1288
1238
1193
1274
1229
1262
1283
1166
1184
1124
1149
1214
1110
1110
1079
1055
1049
1056
1054
1065
1065
957
984
970
1004
1008
977
925
952
962
922
986
962
950
886
921
911
833
845
870
874
766
852
832
798
825
871
771
837
791
832
801
767
765
833
776
791
742
855
795
774
800
796
823
793
726
681
767
802
711
760
718
693
736
740
716
706
745
700
700
746
717
712
703
655
659
689
720
667
695
652
693
695
680
686
703
674
737
732
651
690
662
709
664
662
721
733
712
689
679
688
685
703
673
742
719
677
629
703
609
675
704
683
687
683
719
722
751
746
733
719
779
746
706
734
715
689
738
689
737
745
778
756
694
735
776
755
796
757
803
821
747
784
800
776
778
791
868
834
793
865
845
822
842
883
864
891
852
835
843
843
866
864
900
881
819
842
825
869
771
806
778
846
756
788
714
695
693
694
644
633
593
586
608
596
582
593
557
586
588
549
533
586
549
515
500
520
554
552
518
535
499
497
480
540
506
488
452
469
457
445
466
474
430
403
391
425
414
398
422
481
451
514
597
668
761
873
986
1088
1212
1367
1496
1755
1818
1939
1999
2165
2219
2200
2039
2018
1931
1759
1655
1501
1398
1176
1016
861
704
569
483
382
281
263
213
166
138
108
99
107
138
151
157
211
238
332
344
419
552
615
688
812
1028
1044
1208
1275
1486
1503
1555
1680
1803
1734
1650
1716
1598
1464
1356
1248
1106
1020
841
728
620
521
408
360
298
224
185
114
95
93
69
60
45
36
38
27
28
25
18
24
22
13
22
21
16
24
19
21
19
19
16
19
22
16
14
20
21
13
24
14
9
18
14
22
13
16
16
19
20
16
15
17
19
14
13
14
15
14
19
12
19
14
15
20
12
10
16
19
19
17
13
17
17
12
12
18
19
16
9
11
15
15
8
10
14
9
22
13
11
9
12
11
22
11
13
15
12
20
17
10
13
3
17
13
13
16
12
0
0
0
0
0
0
0
0
0
0
0
0
0
0
0
0
<<END>>
