<<PMCA SPECTRUM>>
TAG - live_data
DESCRIPTION - 
GAIN - 1
THRESHOLD - 10
LIVE_MODE - 0
PRESET_TIME - 60
LIVE_TIME - 60.000000
REAL_TIME - 61.613333
START_TIME - 11/06/2018 15:14:30
SERIAL_NUMBER - 1912
<<DATA>>
0
0
0
0
0
0
0
0
0
1898
11838
7825
3802
2127
1718
1606
1542
1493
1507
1724
1807
2214
3009
3704
3881
3072
2516
2288
1959
1621
1378
1308
1313
1308
1303
1280
1321
1320
1324
1351
1378
1334
1313
1430
1330
1362
1381
1404
1449
1391
1499
1460
1571
1587
1635
1720
1852
2017
1985
2085
2097
2101
2011
2109
2068
2121
2117
2147
2094
1943
2005
1944
1952
1925
1930
1888
1817
1924
1854
1831
1760
1859
1759
1754
1753
1646
1716
1646
1604
1642
1521
1535
1618
1530
1490
1568
1530
1470
1466
1466
1498
1456
1427
1417
1446
1436
1417
1454
1443
1375
1390
1399
1408
1354
1368
1393
1344
1391
1435
1425
1395
1418
1336
1380
1431
1391
1380
1454
1376
1347
1411
1278
1245
1136
1073
982
870
820
749
690
606
559
511
433
396
412
331
349
326
282
259
300
260
237
214
226
188
195
177
210
169
158
151
176
130
147
135
135
147
132
141
157
194
197
229
291
376
517
734
957
1322
1738
2341
3021
3859
4813
5610
6452
7593
8459
8771
8950
8959
8663
7913
7352
6120
5108
4195
3305
2421
1742
1249
797
524
354
203
132
80
48
26
19
12
23
13
12
10
18
13
10
8
11
13
7
9
10
12
10
13
12
13
6
11
11
11
6
12
11
12
7
9
11
12
7
10
7
7
9
10
8
6
11
9
8
10
4
10
6
8
6
6
5
12
8
9
5
6
8
13
8
10
9
8
9
6
4
8
8
4
3
7
3
7
10
4
1
7
9
7
2
10
5
4
5
8
7
3
8
3
3
3
5
8
5
4
3
4
6
4
2
6
4
5
4
2
3
3
5
5
3
3
3
3
1
0
3
1
5
3
2
3
1
1
4
1
3
0
3
4
3
4
2
2
3
1
5
2
2
4
0
2
5
3
2
2
3
2
3
1
2
3
1
2
4
3
4
3
3
4
4
2
3
4
6
8
3
4
3
3
4
5
7
3
7
2
4
2
0
1
0
1
3
0
1
0
0
0
1
0
1
0
0
1
0
0
1
0
0
0
0
0
1
0
2
0
0
1
1
0
0
0
2
0
0
0
0
0
0
0
0
0
0
1
0
0
0
0
0
0
0
0
0
0
0
0
0
0
0
0
0
0
0
1
0
0
0
0
0
0
0
0
1
0
0
0
0
0
0
0
0
0
0
0
0
0
0
0
0
0
0
1
0
0
0
0
0
1
0
0
0
0
0
0
0
0
0
0
0
0
0
0
0
0
0
0
0
0
0
0
0
0
0
<<END>>
