<<PMCA SPECTRUM>>
TAG - live_data
DESCRIPTION - 
GAIN - 1
THRESHOLD - 10
LIVE_MODE - 0
PRESET_TIME - 60
LIVE_TIME - 60.000000
REAL_TIME - 60.586667
START_TIME - 11/06/2018 15:09:05
SERIAL_NUMBER - 1912
<<DATA>>
0
0
0
0
0
0
0
0
0
72
485
494
566
662
619
599
533
540
564
603
661
750
1018
1379
1668
1309
990
942
760
659
532
522
506
526
494
484
440
468
514
457
505
530
525
525
488
507
541
547
540
575
622
638
660
711
740
758
782
793
809
813
752
786
773
776
780
793
821
771
748
738
707
714
729
726
707
744
735
704
721
679
709
658
626
632
663
646
702
617
613
616
587
616
632
580
575
511
521
458
448
436
405
346
343
316
301
280
276
266
266
228
258
235
232
206
204
201
202
190
200
166
187
173
162
178
169
197
160
208
160
167
182
152
182
183
175
234
257
321
390
527
739
931
1307
1721
2154
2438
2888
3248
3551
3702
3612
3415
3001
2735
2120
1738
1394
951
677
447
355
238
185
118
128
98
97
89
102
96
98
99
89
99
89
72
85
100
95
103
77
77
79
101
79
87
99
87
89
87
83
103
94
80
98
70
96
74
97
93
103
116
90
89
100
101
85
96
96
84
95
90
106
81
87
106
87
97
76
88
103
92
101
93
107
77
79
105
101
109
88
99
97
80
96
96
91
94
95
94
91
85
102
89
99
91
84
108
110
98
89
85
102
93
105
111
114
113
95
97
101
109
98
100
105
114
90
111
123
118
131
128
104
123
108
106
106
100
121
109
114
111
103
132
97
111
101
98
111
130
108
118
99
83
100
102
81
83
74
78
73
65
68
69
73
50
57
48
45
46
34
39
30
44
20
23
24
20
21
22
23
27
17
26
15
18
23
20
10
11
26
12
12
17
15
17
12
13
16
20
20
23
26
36
43
60
56
89
92
129
127
162
209
225
265
310
305
348
381
411
431
428
405
401
453
388
398
360
329
300
262
214
200
178
131
103
104
77
59
39
33
21
26
17
17
6
13
11
11
12
11
7
4
6
10
8
5
13
12
6
6
10
5
9
11
8
3
10
4
7
6
4
5
7
7
7
7
4
8
7
8
10
7
6
5
7
7
13
6
5
3
9
8
7
10
2
6
7
7
12
6
4
6
4
6
6
10
5
3
4
4
5
4
4
3
0
3
4
4
2
5
1
4
3
5
3
3
2
2
2
2
1
1
0
2
2
1
2
1
1
3
0
1
0
1
0
1
1
3
3
1
2
2
1
5
4
0
0
0
0
0
0
0
0
0
0
0
0
0
0
0
0
<<END>>
