0.3588
0.3592
1.3810
0.6710
1.2220
0.7370
0.6250
0.1239
0.7350
0.2032
0.6830
0.7338
0.8321
0.7612
0.7340
0.9055
0.9906
0.9641
0.7619
0.9809
0.8410
0.6690
0.6691
0.4147
1.3288
1.0150
0.2460
1.0973
0.6278
0.6692
0.9812
1.1295
0.6010
1.4130
0.5800
1.3890
0.5181
1.3840
0.5591
0.5444
0.2789
0.9778
1.0949
0.5450
1.2940
0.7690
0.5290
0.6620
1.0460
0.9641
1.3890
0.7030
0.2141
0.6676
0.5320
1.0999
0.9891
1.2954
1.1400
0.7190
0.4974
1.0956
0.0390
1.3080
1.3820
0.6906
1.0040
0.2420
0.5110
1.2932
1.1860
1.0490
1.3380
0.2149
0.7306
0.7840
0.6659
1.0960
1.2943
0.2310
0.3303
0.5420
0.7293
1.1580
0.7330
0.7830
0.5774
0.5770
1.1097
0.3370
0.7330
0.5470
0.7311
0.3400
0.6652
0.7308
0.6691
0.6040
0.3356
0.3310
0.7319
1.0485
0.5530
1.1580
1.4680
0.7350
0.5577
0.5592
1.1088
1.0375
0.6640
0.2276
1.2981
1.1450
0.5372
1.0959
0.4680
0.7348
0.6693
1.1280
1.2220
0.7373
0.2612
0.2480
0.6706
0.5779
0.5490
1.2640
0.1420
1.3833
0.7350
1.0160
0.2968
0.3103
0.5350
0.6720
0.9630
0.8326
0.6650
0.9846
0.8410
0.6670
0.2140
0.6720
0.7370
0.5070
0.5620
0.3317
0.3340
1.2086
1.3568
0.6823
0.2870
0.5490
0.2257
0.4310
0.7300
0.2880
1.2449
1.4140
0.6838
0.5326
1.0720
0.6690
0.3140
0.6660
1.0170
0.0370
1.1080
0.6638
0.6690
0.0770
0.8338
0.6828
0.1280
0.1160
0.6641
1.2950
1.3160
0.4140
0.5460
1.2441
1.2380
0.6100
0.2840
1.3180
0.7330
0.9993
1.4320
0.5750
1.1726
0.6780
0.5319
0.9140
0.5336
1.3820
0.6050
0.2280
0.6540
0.7350
0.1514
0.7330
1.1460
1.2990
0.7377
0.7320
0.6290
0.5490
0.6640
0.6659
0.7370
0.9993
0.7373
0.6710
1.1456
0.5320
0.4560
0.1493
0.5480
1.3830
0.2220
0.3330
0.6540
0.1270
0.5660
0.6780
1.2210
0.9992
1.2970
0.6677
0.3469
0.3430
1.0990
0.4353
0.4050
0.9961
1.1860
1.0970
0.7286
0.3446
0.6680
1.4860
0.4140
1.2983
1.0923
1.1020
1.1110
0.7260
1.3580
0.5311
0.6630
0.9850
0.3466
0.6670
0.7250
0.3450
0.2310
0.7074
0.7310
0.4370
0.7372
0.7690
0.4580
0.9980
0.4650
0.6040
1.4270
0.6670
0.7824
0.6650
0.7340
1.3170
1.2200
0.5420
0.4160
0.7320
1.0180
1.4380
0.1950
0.5230
0.4380
1.3180
0.8950
0.4680
0.9526
0.7360
0.6190
1.3160
1.0000
0.7370
0.7330
0.6220
1.0960
0.4200
0.7340
0.5322
0.9950
1.0970
0.7380
0.6600
1.3563
0.2132
0.7290
0.2270
1.0960
0.5230
0.2290
0.5760
0.5781
0.8870
0.1280
0.5785
1.0950
0.6680
0.7310
0.7363
0.6690
1.2980
1.1350
0.4790
0.6900
0.7630
1.3170
0.2280
1.4235
0.3630
0.6670
0.7350
0.5373
1.0450
0.5767
0.9537
1.3795
0.6693
0.5770
1.2190
0.6680
1.2187
1.1660
0.8140
0.8620
0.4380
1.0887
1.0800
1.1440
0.8690
0.7650
0.3380
1.4470
0.7350
1.0180
0.7360
0.5170
0.7410
0.7400
0.7350
1.1730
0.7190
1.2210
1.1880
1.3000
0.2470
1.3070
1.0970
1.2274
1.1280
1.4140
0.4240
0.1461
1.0860
0.7370
0.7380
0.6180
0.7640
1.4256
0.5250
1.0470
0.5223
0.9990
1.0880
1.0210
1.0940
1.2160
1.3070
1.0330
1.1270
1.2876
0.2730
0.2760
0.7370
0.8950
1.2213
0.7360
1.2210
0.2180
0.7350
1.0160
1.3310
0.1315
1.0330
0.7500
0.2060
0.3330
1.3070
0.3660
0.8460
0.8960
0.7420
0.6788
1.4357
0.8980
0.2580
1.2210
1.3157
0.7260
1.0390
1.0320
0.3380
0.3680
0.7359
0.5330
0.5800
1.2210
1.2950
1.2212
0.5230
0.6700
0.3120
1.3778
1.2250
0.7290
0.5350
0.7380
0.6902
1.2890
0.3650
0.9537
0.8950
0.3370
0.8928
1.2200
1.0960
0.6690
1.2230
1.0791
1.0380
1.0400
1.2240
0.7260
0.9550
0.8467
0.9534
1.0180
0.2177
0.3660
0.7270
0.7353
0.7380
0.7350
0.5390
1.2190
0.5230
1.0393
1.3065
0.9566
0.4260
1.3780
0.2890
0.1510
0.2960
0.4200
0.3380
0.3150
0.5620
0.3670
1.0363
0.9980
0.9740
0.8400
0.5230
0.6470
1.2220
0.6760
0.2764
0.8310
1.3750
1.1210
0.6090
1.0938
1.0390
0.7410
0.6673
0.6640
0.3503
0.9528
0.9540
0.8410
1.2230
1.1891
0.8480
0.6810
0.7340
0.9740
0.5233
1.3034
0.6830
0.9059
1.0860
1.2130
0.7650
0.7250
1.0363
0.8394
0.6440
0.7684
0.3240
0.7638
0.2613
0.8372
0.9950
0.6790
0.4014
1.2940
0.3460
0.7367
0.8610
1.0150
1.1100
1.0978
0.5328
0.8284
1.1110
0.8730
0.5487
0.9754
0.6650
0.8320
0.8330
1.3770
0.9800
1.3052
1.0980
0.9690
0.6660
1.2020
0.7344
1.2240
0.8950
0.0860
1.0210
1.0760
0.7830
0.2180
0.7357
0.9760
1.2230
0.2960
0.5240
0.5238
0.7320
0.5260
0.9670
0.6050
0.2170
0.6812
0.6770
0.0770
1.0380
0.7340
0.5250
1.2950
0.2150
0.2150
0.9490
0.5220
1.2225
0.7360
1.4000
1.2230
1.2210
1.2230
0.5390
0.7662
0.5250
0.7380
1.2270
0.2475
1.0380
0.7380
0.7350
0.4180
0.4010
1.2170
1.2200
0.9572
1.1520
0.5218
0.2791
0.6050
1.2240
1.1350
0.5240
0.4000
1.2993
1.2166
0.0760
1.3250
0.0760
0.0760
0.3630
1.2240
0.9580
0.2124
0.8955
0.6670
0.9540
1.2230
0.6223
0.5360
1.1270
1.0861
1.1420
0.6650
0.2150
0.7370
1.0170
1.1460
0.8420
0.7391
0.3110
0.2780
0.5579
1.2620
1.1090
0.6707
0.6750
1.0580
0.5471
0.5243
0.6207
0.2970
0.1031
0.6680
1.2967
1.3075
0.8069
0.9728
1.3110
0.3091
0.9980
1.3270
0.1946
0.4691
0.5330
1.2180
1.2125
1.0245
1.3840
0.5623
0.5300
1.1790
0.5480
1.0200
1.0220
0.6682
0.6681
0.6070
1.0247
1.0980
1.0970
0.1032
0.6153
1.0360
1.0971
0.2138
0.3385
0.8595
0.6713
1.0256
0.6240
0.7360
0.7453
0.3870
0.9748
0.7328
0.9770
1.0430
0.9380
1.0420
0.9320
0.7351
0.6817
0.6200
0.7341
0.9510
1.3930
0.9679
0.5448
1.2965
1.2960
0.7340
0.8401
1.0450
0.7361
0.5340
0.7380
1.0440
0.9773
0.8268
0.7053
0.9667
1.0361
0.4767
1.0450
