10.020  2.610
10.150  2.610
10.010  2.650
10.360  2.640
10.560  2.610
10.640  2.570
10.770  1.690
10.820  1.610
10.070  1.890
9.350  2.390
9.650  2.410
9.150  2.380
8.780  2.310
8.530  2.270
8.150  2.100
8.140  2.180
8.300  2.080
8.450  2.070
9.010  2.080
8.920  2.210
9.660  2.250
9.400  2.280
9.440  2.270
9.490  2.420
9.560  2.350
9.270  2.250
8.930  2.290
8.610  2.340
8.890  2.350
8.970  2.350
9.450  2.430
9.180  2.230
9.100  2.250
8.250  2.200
7.690  2.100
7.550  2.010
7.280  1.960
7.730  1.870
8.240  1.950
8.440  1.960
8.710  2.020
9.250  2.080
9.200  2.100
9.730  2.200
9.200  2.220
9.380  2.190
8.860  2.140
8.110  2.170
7.800  2.200
7.890  2.200
7.700  2.210
7.500  2.160
7.290  2.060
7.360  2.130
8.010  2.150
8.380  2.230
8.740  2.150
7.400  1.930
7.260  1.950
7.020  1.870
6.870  1.840
6.770  1.830
6.940  1.860
7.300  1.860
7.500  1.830
7.330  1.880
7.930  1.930
8.140  1.960
8.190  1.910
8.010  1.850
7.530  1.880
6.830  1.800
7.540  1.840
6.670  1.760
6.590  1.770
6.990  1.760
7.430  1.760
7.270  1.730
7.610  1.770
7.820  1.810
7.830  1.880
8.050  1.880
7.980  1.930
8.130  1.980
7.260  1.990
8.200  2.060
7.810  1.990
8.560  1.950
7.880  2.090
8.210  2.060
8.010  2.180
8.220  2.220
8.430  2.280
9.170  2.420
8.590  2.310
8.430  2.320
8.050  2.370
8.600  2.270
8.470  2.290
7.880  2.330
7.930  2.320
7.860  2.280
7.720  2.340
7.870  3.420
7.940  2.180
8.100  2.390
8.490  2.440
8.530  2.460
7.820  2.480
7.130  2.450
6.680  2.490
6.750  2.350
7.140  2.310
7.480  2.390
6.930  2.270
7.710  2.320
7.750  2.240
7.790  2.320
7.370  2.410
7.960  2.540
8.420  2.570
8.780  2.580
8.830  2.610
9.780  2.700
10.030  2.670
9.250  2.690
9.440  2.700
8.970  2.600
9.180  2.530
8.700  2.470
9.440  3.260
8.970  3.600
9.180  2.930
8.700  2.970
8.410  2.490
8.670  2.300
8.930  2.370
7.250  2.270
6.930  2.160
7.660  2.240
6.910  2.260
7.190  2.190
7.370  2.200
7.950  2.070
7.810  2.070
7.820  2.100
7.880  2.070
7.530  2.010
7.470  2.050
8.090  2.140
7.660  2.140
7.620  2.210
8.140  2.250
8.210  2.250
7.340  2.210
6.970  2.240
7.500  2.130
7.380  2.120
6.850  2.070
7.230  2.060
6.990  2.100
7.300  2.050
7.370  2.080
7.170  2.080
6.510  2.040
6.500  2.040
6.830  1.960
6.330  2.030
6.350  1.880
6.470  1.990
6.600  1.980
7.120  2.010
6.260  1.990
6.380  2.030
5.390  1.900
7.480  2.040
8.910  2.210
8.610  2.390
8.330  2.340
7.480  2.330
8.620  2.310
7.980  2.130
7.710  2.150
8.170  2.170
8.180  2.170
8.270  2.130
9.020  2.200
9.000  2.360
8.590  2.370
8.340  2.410
8.100  2.300
8.080  2.320
7.820  2.260
8.400  2.310
8.110  2.330
8.200  2.250
8.490  2.220
8.930  2.240
8.970  2.220
8.650  2.320
8.840  2.440
8.820  2.440
9.210  2.510
8.960  2.510
8.360  2.440
8.210  2.460
7.690  2.410
7.330  2.330
7.090  2.360
7.070  2.340
6.960  2.240
6.800  2.260
6.450  2.230
7.200  2.330
6.690  2.370
7.000  2.400
6.880  2.350
6.800  2.360
6.040  2.240
6.340  2.230
6.090  2.380
6.340  2.290
7.130  2.400
6.990  2.450
6.430  2.400
6.770  2.470
6.500  2.530
5.830  2.450
5.840  2.410
6.040  2.530
6.040  2.490
8.300  2.480
9.020  2.400
3.550  2.340
4.220  2.290
4.330  1.760
4.140  1.560