
Automatic Data Collection:
Thu Feb 21 16:32:02 2019
Data points are recorded 50.000000 ms apart

time (s)	Lift (N)	Drag (N)
0.00000	 0.04106	 0.57704
0.05000	 0.03199	 0.51600
0.10000	 -0.00276	 0.60879
0.15000	 -0.00409	 0.55793
0.20000	 -0.03821	 0.54740
0.25000	 -0.09771	 0.52341
0.30000	 -0.02456	 0.43477
0.35000	 -0.00020	 0.48999
0.40000	 -0.01678	 0.67933
0.45000	 -0.02156	 0.53938
0.50000	 -0.00864	 0.56010
0.55000	 0.00095	 0.57061
0.60000	 0.03615	 0.56397
0.65000	 0.04103	 0.65168
0.70000	 0.01599	 0.53274
0.75000	 -0.00634	 0.44150
0.80000	 -0.02601	 0.53787
0.85000	 -0.03886	 0.61892
0.90000	 -0.01607	 0.47166
0.95000	 -0.00380	 0.45524
1.00000	 -0.00727	 0.53894
1.05000	 0.02410	 0.51539
1.10000	 -0.02540	 0.58550
1.15000	 -0.00836	 0.62712
1.20000	 0.06558	 0.49871
1.25000	 0.03754	 0.58221
1.30000	 0.03351	 0.54235
1.35000	 -0.04434	 0.56861
1.40000	 -0.06198	 0.51663
1.45000	 0.00679	 0.51421
1.50000	 -0.05964	 0.60611
1.55000	 -0.09002	 0.51447
1.60000	 -0.04862	 0.37511
1.65000	 -0.00484	 0.57329
1.70000	 -0.01951	 0.54665
1.75000	 -0.00825	 0.51686
1.80000	 0.00930	 0.55239
1.85000	 -0.01417	 0.46023
1.90000	 -0.01101	 0.42395
1.95000	 -0.01492	 0.54777
2.00000	 -0.01131	 0.59713
2.05000	 -0.01969	 0.52468
2.10000	 -0.02107	 0.62369
2.15000	 -0.00557	 0.44600
2.20000	 0.01065	 0.44291
2.25000	 -0.00606	 0.57860
2.30000	 0.00862	 0.53204
2.35000	 -0.01272	 0.57156
2.40000	 -0.00425	 0.59817
2.45000	 -0.07980	 0.55909
2.50000	 -0.02807	 0.54734
2.55000	 -0.01180	 0.46852
2.60000	 0.02453	 0.49149
2.65000	 0.02380	 0.54371
2.70000	 0.03799	 0.48690
2.75000	 0.04218	 0.50076
2.80000	 -0.00831	 0.68967
2.85000	 -0.02808	 0.54310
2.90000	 -0.00808	 0.49617
2.95000	 -0.04313	 0.58813
3.00000	 -0.00047	 0.45388
3.05000	 0.01870	 0.46419
3.10000	 -0.00102	 0.60576
3.15000	 -0.00088	 0.57707
3.20000	 -0.01025	 0.65711
3.25000	 0.00085	 0.57528
3.30000	 -0.01400	 0.43267
3.35000	 0.00215	 0.46678
3.40000	 0.00471	 0.63838
3.45000	 0.01966	 0.54422
3.50000	 0.02970	 0.54004
3.55000	 -0.02461	 0.54166
3.60000	 0.03495	 0.38383
3.65000	 0.00642	 0.56962
3.70000	 0.01996	 0.47920
3.75000	 0.02134	 0.56694
3.80000	 0.00698	 0.59046
3.85000	 -0.03692	 0.48494
3.90000	 -0.06591	 0.58818
3.95000	 -0.07772	 0.57320
4.00000	 -0.00684	 0.48465
4.05000	 -0.04060	 0.42037
4.10000	 -0.04023	 0.45683
4.15000	 -0.01968	 0.42349
4.20000	 -0.04479	 0.53176
4.25000	 -0.02757	 0.63413
4.30000	 0.03458	 0.50125
4.35000	 0.00836	 0.54754
4.40000	 0.00150	 0.48422
4.45000	 0.04223	 0.42773
4.50000	 -0.00644	 0.59707
4.55000	 -0.01698	 0.63139
4.60000	 0.04012	 0.51398
4.65000	 0.04550	 0.57277
4.70000	 -0.05285	 0.49617
4.75000	 -0.03460	 0.45342
4.80000	 -0.02855	 0.65590
4.85000	 0.01191	 0.60045
4.90000	 -0.02328	 0.44756
4.95000	 0.00031	 0.52849
5.00000	 0.01580	 0.50728
5.05000	 -0.01414	 0.61881
5.10000	 -0.01058	 0.53637
5.15000	 0.04728	 0.48552
5.20000	 0.03998	 0.61832
5.25000	 0.00783	 0.61682
5.30000	 0.02351	 0.45437
5.35000	 -0.01892	 0.46364
5.40000	 -0.01966	 0.43411
5.45000	 0.04173	 0.58186
5.50000	 0.05741	 0.67671
5.55000	 -0.01512	 0.46557
5.60000	 -0.00673	 0.47132
5.65000	 0.00724	 0.64375
5.70000	 -0.02593	 0.61529
5.75000	 -0.02070	 0.46185
5.80000	 -0.01858	 0.50575
5.85000	 -0.01174	 0.49366
5.90000	 -0.04708	 0.47798
5.95000	 -0.02115	 0.58954
6.00000	 -0.00811	 0.54316
6.05000	 -0.03077	 0.50913
6.10000	 -0.00475	 0.51328
6.15000	 0.03519	 0.47276
6.20000	 0.00141	 0.56247
6.25000	 0.00605	 0.47227
6.30000	 0.02726	 0.50503
6.35000	 -0.01422	 0.57773
6.40000	 -0.03562	 0.56726
6.45000	 -0.01928	 0.52096
6.50000	 -0.01748	 0.65688
6.55000	 -0.00121	 0.46817
6.60000	 -0.00422	 0.44150
6.65000	 -0.01971	 0.58951
6.70000	 0.01889	 0.50809
6.75000	 -0.01374	 0.52402
6.80000	 -0.02993	 0.60129
6.85000	 -0.00259	 0.46704
6.90000	 0.05040	 0.51790
6.95000	 -0.04924	 0.64516
7.00000	 0.01855	 0.58290
7.05000	 -0.00104	 0.37979
7.10000	 0.01886	 0.52849
7.15000	 0.02698	 0.58639
7.20000	 -0.05722	 0.55695
7.25000	 0.01492	 0.59520
7.30000	 0.01191	 0.50105
7.35000	 0.00243	 0.59335
7.40000	 0.01161	 0.48988
7.45000	 0.00378	 0.45198
7.50000	 -0.01715	 0.61113
7.55000	 -0.02501	 0.50434
7.60000	 -0.02469	 0.56307
7.65000	 -0.01307	 0.58885
7.70000	 -0.01670	 0.48898
7.75000	 -0.05221	 0.45420
7.80000	 -0.00002	 0.47640
7.85000	 -0.02914	 0.46289
7.90000	 0.04668	 0.63272
7.95000	 -0.01444	 0.69804
8.00000	 -0.00306	 0.46424
8.05000	 -0.04454	 0.46358
8.10000	 -0.03723	 0.56674
8.15000	 -0.04747	 0.33041
8.20000	 -0.06586	 0.40008
8.25000	 -0.02428	 0.54420
8.30000	 0.00564	 0.52194
8.35000	 -0.00056	 0.56515
8.40000	 0.01844	 0.58065
8.45000	 -0.02802	 0.51880
8.50000	 0.00955	 0.51634
8.55000	 0.03864	 0.57736
8.60000	 0.03819	 0.70035
8.65000	 0.00885	 0.53698
8.70000	 0.05328	 0.48217
8.75000	 0.00771	 0.50973
8.80000	 -0.03258	 0.50578
8.85000	 -0.01070	 0.54382
8.90000	 -0.01258	 0.55923
8.95000	 -0.04632	 0.46863
9.00000	 -0.02709	 0.37705
9.05000	 -0.02878	 0.48419
9.10000	 0.01324	 0.55069
9.15000	 -0.03751	 0.66865
9.20000	 -0.03283	 0.63350
9.25000	 0.03484	 0.44268
9.30000	 -0.00074	 0.38351
9.35000	 0.01861	 0.58925
9.40000	 -0.00343	 0.60137
9.45000	 -0.04934	 0.48826
9.50000	 0.01259	 0.61630
9.55000	 0.01900	 0.53871
9.60000	 -0.01754	 0.53796
9.65000	 0.01791	 0.60279
9.70000	 -0.03779	 0.39578
9.75000	 -0.00106	 0.48275
9.80000	 -0.02784	 0.52613
9.85000	 -0.04306	 0.56033
9.90000	 -0.02706	 0.62256
9.95000	 -0.00434	 0.41777
