-3.5000e+00
-3.4929e+00
-3.4860e+00
-3.4790e+00
-3.4719e+00
-3.4649e+00
-3.4580e+00
-3.4509e+00
-3.4439e+00
-3.4368e+00
-3.4299e+00
-3.4229e+00
-3.4158e+00
-3.4088e+00
-3.4017e+00
-3.3948e+00
-3.3878e+00
-3.3807e+00
-3.3738e+00
-3.3668e+00
-3.3597e+00
-3.3527e+00
-3.3456e+00
-3.3387e+00
-3.3317e+00
-3.3246e+00
-3.3177e+00
-3.3105e+00
-3.3036e+00
-3.2966e+00
-3.2895e+00
-3.2826e+00
-3.2756e+00
-3.2685e+00
-3.2616e+00
-3.2544e+00
-3.2475e+00
-3.2406e+00
-3.2334e+00
-3.2265e+00
-3.2194e+00
-3.2124e+00
-3.2055e+00
-3.1983e+00
-3.1914e+00
-3.1845e+00
-3.1773e+00
-3.1704e+00
-3.1633e+00
-3.1563e+00
-3.1494e+00
-3.1422e+00
-3.1353e+00
-3.1282e+00
-3.1212e+00
-3.1143e+00
-3.1072e+00
-3.1002e+00
-3.0933e+00
-3.0861e+00
-3.0792e+00
-3.0721e+00
-3.0651e+00
-3.0582e+00
-3.0511e+00
-3.0441e+00
-3.0370e+00
-3.0300e+00
-3.0231e+00
-3.0160e+00
-3.0090e+00
-3.0021e+00
-2.9950e+00
-2.9880e+00
-2.9809e+00
-2.9739e+00
-2.9670e+00
-2.9599e+00
-2.9529e+00
-2.9458e+00
-2.9389e+00
-2.9319e+00
-2.9248e+00
-2.9178e+00
-2.9109e+00
-2.9038e+00
-2.8968e+00
-2.8897e+00
-2.8828e+00
-2.8758e+00
-2.8687e+00
-2.8617e+00
-2.8546e+00
-2.8477e+00
-2.8407e+00
-2.8336e+00
-2.8267e+00
-2.8197e+00
-2.8126e+00
-2.8057e+00
-2.7985e+00
-2.7916e+00
-2.7846e+00
-2.7775e+00
-2.7706e+00
-2.7634e+00
-2.7565e+00
-2.7496e+00
-2.7424e+00
-2.7355e+00
-2.7285e+00
-2.7214e+00
-2.7145e+00
-2.7073e+00
-2.7004e+00
-2.6935e+00
-2.6863e+00
-2.6794e+00
-2.6723e+00
-2.6653e+00
-2.6584e+00
-2.6512e+00
-2.6443e+00
-2.6374e+00
-2.6302e+00
-2.6233e+00
-2.6162e+00
-2.6092e+00
-2.6023e+00
-2.5951e+00
-2.5882e+00
-2.5811e+00
-2.5741e+00
-2.5672e+00
-2.5601e+00
-2.5531e+00
-2.5462e+00
-2.5390e+00
-2.5321e+00
-2.5250e+00
-2.5180e+00
-2.5111e+00
-2.5040e+00
-2.4970e+00
-2.4899e+00
-2.4829e+00
-2.4760e+00
-2.4689e+00
-2.4619e+00
-2.4550e+00
-2.4479e+00
-2.4409e+00
-2.4338e+00
-2.4268e+00
-2.4199e+00
-2.4128e+00
-2.4058e+00
-2.3987e+00
-2.3918e+00
-2.3848e+00
-2.3777e+00
-2.3708e+00
-2.3638e+00
-2.3567e+00
-2.3497e+00
-2.3426e+00
-2.3357e+00
-2.3287e+00
-2.3216e+00
-2.3147e+00
-2.3075e+00
-2.3006e+00
-2.2936e+00
-2.2865e+00
-2.2796e+00
-2.2726e+00
-2.2655e+00
-2.2586e+00
-2.2514e+00
-2.2445e+00
-2.2375e+00
-2.2304e+00
-2.2235e+00
-2.2163e+00
-2.2094e+00
-2.2025e+00
-2.1953e+00
-2.1884e+00
-2.1814e+00
-2.1743e+00
-2.1674e+00
-2.1602e+00
-2.1533e+00
-2.1464e+00
-2.1392e+00
-2.1323e+00
-2.1252e+00
-2.1182e+00
-2.1113e+00
-2.1041e+00
-2.0972e+00
-2.0903e+00
-2.0831e+00
-2.0762e+00
-2.0691e+00
-2.0621e+00
-2.0552e+00
-2.0480e+00
-2.0411e+00
-2.0340e+00
-2.0270e+00
-2.0201e+00
-2.0130e+00
-2.0060e+00
-1.9991e+00
-1.9919e+00
-1.9850e+00
-1.9779e+00
-1.9709e+00
-1.9640e+00
-1.9569e+00
-1.9499e+00
-1.9428e+00
-1.9359e+00
-1.9289e+00
-1.9218e+00
-1.9148e+00
-1.9079e+00
-1.9008e+00
-1.8938e+00
-1.8867e+00
-1.8798e+00
-1.8728e+00
-1.8657e+00
-1.8587e+00
-1.8516e+00
-1.8447e+00
-1.8377e+00
-1.8306e+00
-1.8237e+00
-1.8166e+00
-1.8096e+00
-1.8026e+00
-1.7956e+00
-1.7886e+00
-1.7816e+00
-1.7746e+00
-1.7675e+00
-1.7605e+00
-1.7535e+00
-1.7465e+00
-1.7395e+00
-1.7325e+00
-1.7255e+00
-1.7184e+00
-1.7114e+00
-1.7044e+00
-1.6974e+00
-1.6904e+00
-1.6834e+00
-1.6764e+00
-1.6693e+00
-1.6623e+00
-1.6553e+00
-1.6483e+00
-1.6413e+00
-1.6343e+00
-1.6273e+00
-1.6202e+00
-1.6132e+00
-1.6062e+00
-1.5992e+00
-1.5922e+00
-1.5852e+00
-1.5782e+00
-1.5711e+00
-1.5641e+00
-1.5571e+00
-1.5501e+00
-1.5431e+00
-1.5361e+00
-1.5291e+00
-1.5220e+00
-1.5150e+00
-1.5080e+00
-1.5010e+00
-1.4940e+00
-1.4870e+00
-1.4800e+00
-1.4729e+00
-1.4659e+00
-1.4589e+00
-1.4519e+00
-1.4449e+00
-1.4379e+00
-1.4309e+00
-1.4238e+00
-1.4168e+00
-1.4098e+00
-1.4028e+00
-1.3958e+00
-1.3888e+00
-1.3818e+00
-1.3748e+00
-1.3677e+00
-1.3607e+00
-1.3537e+00
-1.3467e+00
-1.3397e+00
-1.3327e+00
-1.3257e+00
-1.3186e+00
-1.3116e+00
-1.3046e+00
-1.2976e+00
-1.2906e+00
-1.2836e+00
-1.2766e+00
-1.2695e+00
-1.2625e+00
-1.2555e+00
-1.2485e+00
-1.2415e+00
-1.2345e+00
-1.2275e+00
-1.2204e+00
-1.2134e+00
-1.2064e+00
-1.1994e+00
-1.1924e+00
-1.1854e+00
-1.1784e+00
-1.1713e+00
-1.1643e+00
-1.1573e+00
-1.1503e+00
-1.1433e+00
-1.1363e+00
-1.1293e+00
-1.1222e+00
-1.1152e+00
-1.1082e+00
-1.1012e+00
-1.0942e+00
-1.0872e+00
-1.0802e+00
-1.0731e+00
-1.0661e+00
-1.0591e+00
-1.0521e+00
-1.0451e+00
-1.0381e+00
-1.0311e+00
-1.0240e+00
-1.0170e+00
-1.0100e+00
-1.0030e+00
-9.9599e-01
-9.8898e-01
-9.8196e-01
-9.7494e-01
-9.6794e-01
-9.6093e-01
-9.5391e-01
-9.4689e-01
-9.3988e-01
-9.3286e-01
-9.2584e-01
-9.1884e-01
-9.1183e-01
-9.0481e-01
-8.9779e-01
-8.9078e-01
-8.8376e-01
-8.7676e-01
-8.6974e-01
-8.6273e-01
-8.5571e-01
-8.4869e-01
-8.4168e-01
-8.3468e-01
-8.2766e-01
-8.2064e-01
-8.1363e-01
-8.0661e-01
-7.9959e-01
-7.9258e-01
-7.8558e-01
-7.7856e-01
-7.7154e-01
-7.6453e-01
-7.5751e-01
-7.5049e-01
-7.4350e-01
-7.3648e-01
-7.2946e-01
-7.2244e-01
-7.1543e-01
-7.0841e-01
-7.0139e-01
-6.9440e-01
-6.8738e-01
-6.8036e-01
-6.7335e-01
-6.6633e-01
-6.5931e-01
-6.5231e-01
-6.4530e-01
-6.3828e-01
-6.3126e-01
-6.2425e-01
-6.1723e-01
-6.1021e-01
-6.0321e-01
-5.9620e-01
-5.8918e-01
-5.8216e-01
-5.7515e-01
-5.6813e-01
-5.6113e-01
-5.5411e-01
-5.4710e-01
-5.4008e-01
-5.3306e-01
-5.2605e-01
-5.1905e-01
-5.1203e-01
-5.0501e-01
-4.9800e-01
-4.9098e-01
-4.8396e-01
-4.7695e-01
-4.6995e-01
-4.6293e-01
-4.5591e-01
-4.4890e-01
-4.4188e-01
-4.3486e-01
-4.2786e-01
-4.2085e-01
-4.1383e-01
-4.0681e-01
-3.9980e-01
-3.9278e-01
-3.8576e-01
-3.7876e-01
-3.7175e-01
-3.6473e-01
-3.5771e-01
-3.5070e-01
-3.4368e-01
-3.3668e-01
-3.2966e-01
-3.2265e-01
-3.1563e-01
-3.0861e-01
-3.0160e-01
-2.9458e-01
-2.8758e-01
-2.8057e-01
-2.7355e-01
-2.6653e-01
-2.5951e-01
-2.5250e-01
-2.4550e-01
-2.3848e-01
-2.3147e-01
-2.2445e-01
-2.1743e-01
-2.1041e-01
-2.0340e-01
-1.9640e-01
-1.8938e-01
-1.8237e-01
-1.7535e-01
-1.6834e-01
-1.6132e-01
-1.5431e-01
-1.4729e-01
-1.4028e-01
-1.3327e-01
-1.2625e-01
-1.1924e-01
-1.1222e-01
-1.0521e-01
-9.8196e-02
-9.1183e-02
-8.4168e-02
-7.7154e-02
-7.0139e-02
-6.3126e-02
-5.6113e-02
-4.9098e-02
-4.2085e-02
-3.5070e-02
-2.8057e-02
-2.1041e-02
-1.4028e-02
-7.0139e-03
0.0000e+00
