-3.5000e+00
-3.4931e+00
-3.4860e+00
-3.4790e+00
-3.4719e+00
-3.4649e+00
-3.4580e+00
-3.4509e+00
-3.4439e+00
-3.4370e+00
-3.4299e+00
-3.4229e+00
-3.4160e+00
-3.4088e+00
-3.4019e+00
-3.3950e+00
-3.3878e+00
-3.3809e+00
-3.3739e+00
-3.3668e+00
-3.3599e+00
-3.3529e+00
-3.3458e+00
-3.3389e+00
-3.3319e+00
-3.3248e+00
-3.3178e+00
-3.3109e+00
-3.3038e+00
-3.2968e+00
-3.2897e+00
-3.2828e+00
-3.2758e+00
-3.2687e+00
-3.2617e+00
-3.2548e+00
-3.2477e+00
-3.2407e+00
-3.2338e+00
-3.2267e+00
-3.2197e+00
-3.2128e+00
-3.2056e+00
-3.1987e+00
-3.1918e+00
-3.1846e+00
-3.1777e+00
-3.1707e+00
-3.1636e+00
-3.1567e+00
-3.1497e+00
-3.1426e+00
-3.1357e+00
-3.1287e+00
-3.1216e+00
-3.1146e+00
-3.1075e+00
-3.1006e+00
-3.0936e+00
-3.0865e+00
-3.0796e+00
-3.0726e+00
-3.0655e+00
-3.0586e+00
-3.0516e+00
-3.0445e+00
-3.0375e+00
-3.0306e+00
-3.0235e+00
-3.0165e+00
-3.0096e+00
-3.0025e+00
-2.9955e+00
-2.9886e+00
-2.9814e+00
-2.9745e+00
-2.9676e+00
-2.9604e+00
-2.9535e+00
-2.9465e+00
-2.9394e+00
-2.9325e+00
-2.9253e+00
-2.9184e+00
-2.9115e+00
-2.9043e+00
-2.8974e+00
-2.8904e+00
-2.8833e+00
-2.8764e+00
-2.8694e+00
-2.8623e+00
-2.8554e+00
-2.8484e+00
-2.8413e+00
-2.8343e+00
-2.8274e+00
-2.8203e+00
-2.8133e+00
-2.8064e+00
-2.7993e+00
-2.7923e+00
-2.7854e+00
-2.7782e+00
-2.7713e+00
-2.7644e+00
-2.7572e+00
-2.7503e+00
-2.7432e+00
-2.7362e+00
-2.7293e+00
-2.7221e+00
-2.7152e+00
-2.7083e+00
-2.7011e+00
-2.6942e+00
-2.6872e+00
-2.6801e+00
-2.6732e+00
-2.6662e+00
-2.6591e+00
-2.6522e+00
-2.6452e+00
-2.6381e+00
-2.6311e+00
-2.6242e+00
-2.6171e+00
-2.6101e+00
-2.6032e+00
-2.5961e+00
-2.5891e+00
-2.5822e+00
-2.5750e+00
-2.5681e+00
-2.5610e+00
-2.5540e+00
-2.5471e+00
-2.5400e+00
-2.5330e+00
-2.5261e+00
-2.5189e+00
-2.5120e+00
-2.5051e+00
-2.4979e+00
-2.4910e+00
-2.4840e+00
-2.4769e+00
-2.4700e+00
-2.4630e+00
-2.4559e+00
-2.4490e+00
-2.4420e+00
-2.4349e+00
-2.4279e+00
-2.4210e+00
-2.4139e+00
-2.4069e+00
-2.4000e+00
-2.3929e+00
-2.3859e+00
-2.3788e+00
-2.3718e+00
-2.3649e+00
-2.3578e+00
-2.3508e+00
-2.3439e+00
-2.3368e+00
-2.3298e+00
-2.3229e+00
-2.3157e+00
-2.3088e+00
-2.3019e+00
-2.2947e+00
-2.2878e+00
-2.2808e+00
-2.2737e+00
-2.2668e+00
-2.2598e+00
-2.2527e+00
-2.2458e+00
-2.2388e+00
-2.2317e+00
-2.2247e+00
-2.2178e+00
-2.2107e+00
-2.2037e+00
-2.1966e+00
-2.1897e+00
-2.1827e+00
-2.1756e+00
-2.1687e+00
-2.1617e+00
-2.1546e+00
-2.1476e+00
-2.1407e+00
-2.1336e+00
-2.1266e+00
-2.1197e+00
-2.1126e+00
-2.1056e+00
-2.0987e+00
-2.0915e+00
-2.0846e+00
-2.0777e+00
-2.0705e+00
-2.0636e+00
-2.0566e+00
-2.0495e+00
-2.0426e+00
-2.0356e+00
-2.0285e+00
-2.0216e+00
-2.0144e+00
-2.0075e+00
-2.0005e+00
-1.9934e+00
-1.9865e+00
-1.9795e+00
-1.9724e+00
-1.9655e+00
-1.9585e+00
-1.9514e+00
-1.9444e+00
-1.9375e+00
-1.9304e+00
-1.9234e+00
-1.9165e+00
-1.9094e+00
-1.9024e+00
-1.8955e+00
-1.8883e+00
-1.8814e+00
-1.8745e+00
-1.8673e+00
-1.8604e+00
-1.8534e+00
-1.8463e+00
-1.8394e+00
-1.8322e+00
-1.8253e+00
-1.8183e+00
-1.8113e+00
-1.8043e+00
-1.7973e+00
-1.7903e+00
-1.7833e+00
-1.7763e+00
-1.7693e+00
-1.7623e+00
-1.7553e+00
-1.7482e+00
-1.7412e+00
-1.7342e+00
-1.7272e+00
-1.7202e+00
-1.7132e+00
-1.7062e+00
-1.6992e+00
-1.6922e+00
-1.6852e+00
-1.6782e+00
-1.6712e+00
-1.6642e+00
-1.6572e+00
-1.6502e+00
-1.6431e+00
-1.6361e+00
-1.6291e+00
-1.6221e+00
-1.6151e+00
-1.6081e+00
-1.6011e+00
-1.5941e+00
-1.5871e+00
-1.5801e+00
-1.5731e+00
-1.5661e+00
-1.5591e+00
-1.5520e+00
-1.5450e+00
-1.5380e+00
-1.5310e+00
-1.5240e+00
-1.5170e+00
-1.5100e+00
-1.5030e+00
-1.4960e+00
-1.4890e+00
-1.4820e+00
-1.4750e+00
-1.4680e+00
-1.4610e+00
-1.4540e+00
-1.4470e+00
-1.4399e+00
-1.4329e+00
-1.4259e+00
-1.4189e+00
-1.4119e+00
-1.4049e+00
-1.3979e+00
-1.3909e+00
-1.3839e+00
-1.3769e+00
-1.3699e+00
-1.3629e+00
-1.3559e+00
-1.3488e+00
-1.3418e+00
-1.3348e+00
-1.3278e+00
-1.3208e+00
-1.3138e+00
-1.3068e+00
-1.2998e+00
-1.2928e+00
-1.2858e+00
-1.2788e+00
-1.2718e+00
-1.2648e+00
-1.2578e+00
-1.2508e+00
-1.2437e+00
-1.2367e+00
-1.2297e+00
-1.2227e+00
-1.2157e+00
-1.2087e+00
-1.2017e+00
-1.1947e+00
-1.1877e+00
-1.1807e+00
-1.1737e+00
-1.1667e+00
-1.1597e+00
-1.1526e+00
-1.1456e+00
-1.1386e+00
-1.1316e+00
-1.1246e+00
-1.1176e+00
-1.1106e+00
-1.1036e+00
-1.0966e+00
-1.0896e+00
-1.0826e+00
-1.0756e+00
-1.0686e+00
-1.0616e+00
-1.0546e+00
-1.0475e+00
-1.0405e+00
-1.0335e+00
-1.0265e+00
-1.0195e+00
-1.0125e+00
-1.0055e+00
-9.9850e-01
-9.9150e-01
-9.8448e-01
-9.7748e-01
-9.7047e-01
-9.6347e-01
-9.5645e-01
-9.4945e-01
-9.4243e-01
-9.3544e-01
-9.2844e-01
-9.2142e-01
-9.1442e-01
-9.0741e-01
-9.0041e-01
-8.9339e-01
-8.8639e-01
-8.7937e-01
-8.7238e-01
-8.6536e-01
-8.5836e-01
-8.5134e-01
-8.4434e-01
-8.3735e-01
-8.3033e-01
-8.2333e-01
-8.1631e-01
-8.0932e-01
-8.0230e-01
-7.9530e-01
-7.8828e-01
-7.8128e-01
-7.7427e-01
-7.6727e-01
-7.6025e-01
-7.5325e-01
-7.4625e-01
-7.3924e-01
-7.3224e-01
-7.2522e-01
-7.1822e-01
-7.1121e-01
-7.0421e-01
-6.9719e-01
-6.9019e-01
-6.8318e-01
-6.7618e-01
-6.6916e-01
-6.6216e-01
-6.5516e-01
-6.4815e-01
-6.4115e-01
-6.3413e-01
-6.2713e-01
-6.2012e-01
-6.1312e-01
-6.0610e-01
-5.9910e-01
-5.9208e-01
-5.8509e-01
-5.7807e-01
-5.7107e-01
-5.6407e-01
-5.5706e-01
-5.5006e-01
-5.4304e-01
-5.3604e-01
-5.2902e-01
-5.2203e-01
-5.1501e-01
-5.0801e-01
-5.0099e-01
-4.9399e-01
-4.8698e-01
-4.7998e-01
-4.7298e-01
-4.6596e-01
-4.5897e-01
-4.5195e-01
-4.4495e-01
-4.3793e-01
-4.3093e-01
-4.2392e-01
-4.1692e-01
-4.0990e-01
-4.0290e-01
-3.9590e-01
-3.8889e-01
-3.8189e-01
-3.7487e-01
-3.6787e-01
-3.6086e-01
-3.5386e-01
-3.4684e-01
-3.3984e-01
-3.3283e-01
-3.2583e-01
-3.1881e-01
-3.1181e-01
-3.0481e-01
-2.9780e-01
-2.9080e-01
-2.8378e-01
-2.7678e-01
-2.6977e-01
-2.6277e-01
-2.5575e-01
-2.4875e-01
-2.4173e-01
-2.3474e-01
-2.2772e-01
-2.2072e-01
-2.1372e-01
-2.0671e-01
-1.9971e-01
-1.9269e-01
-1.8569e-01
-1.7868e-01
-1.7167e-01
-1.6466e-01
-1.5766e-01
-1.5065e-01
-1.4364e-01
-1.3664e-01
-1.2963e-01
-1.2262e-01
-1.1562e-01
-1.0861e-01
-1.0160e-01
-9.4594e-02
-8.7588e-02
-8.0581e-02
-7.3573e-02
-6.6567e-02
-5.9559e-02
-5.2553e-02
-4.5546e-02
-3.8538e-02
-3.1532e-02
-2.4524e-02
-1.7518e-02
-1.0511e-02
-3.5035e-03
3.5035e-03
1.0511e-02
1.7518e-02
2.4524e-02
3.1532e-02
3.8538e-02
4.5546e-02
5.2553e-02
5.9559e-02
6.6567e-02
7.3573e-02
8.0581e-02
8.7588e-02
9.4594e-02
1.0160e-01
1.0861e-01
1.1562e-01
1.2262e-01
1.2963e-01
1.3664e-01
1.4364e-01
1.5065e-01
1.5766e-01
1.6466e-01
1.7167e-01
1.7868e-01
1.8569e-01
1.9269e-01
1.9971e-01
2.0671e-01
2.1372e-01
2.2072e-01
2.2772e-01
2.3474e-01
2.4173e-01
2.4875e-01
2.5575e-01
2.6277e-01
2.6977e-01
2.7678e-01
2.8378e-01
2.9080e-01
2.9780e-01
3.0481e-01
3.1181e-01
3.1881e-01
3.2583e-01
3.3283e-01
3.3984e-01
3.4684e-01
3.5386e-01
3.6086e-01
3.6787e-01
3.7487e-01
3.8189e-01
3.8889e-01
3.9590e-01
4.0290e-01
4.0990e-01
4.1692e-01
4.2392e-01
4.3093e-01
4.3793e-01
4.4495e-01
4.5195e-01
4.5897e-01
4.6596e-01
4.7298e-01
4.7998e-01
4.8698e-01
4.9399e-01
5.0099e-01
5.0801e-01
5.1501e-01
5.2203e-01
5.2902e-01
5.3604e-01
5.4304e-01
5.5006e-01
5.5706e-01
5.6407e-01
5.7107e-01
5.7807e-01
5.8509e-01
5.9208e-01
5.9910e-01
6.0610e-01
6.1312e-01
6.2012e-01
6.2713e-01
6.3413e-01
6.4115e-01
6.4815e-01
6.5516e-01
6.6216e-01
6.6916e-01
6.7618e-01
6.8318e-01
6.9019e-01
6.9719e-01
7.0421e-01
7.1121e-01
7.1822e-01
7.2522e-01
7.3224e-01
7.3924e-01
7.4625e-01
7.5325e-01
7.6025e-01
7.6727e-01
7.7427e-01
7.8128e-01
7.8828e-01
7.9530e-01
8.0230e-01
8.0932e-01
8.1631e-01
8.2333e-01
8.3033e-01
8.3735e-01
8.4434e-01
8.5134e-01
8.5836e-01
8.6536e-01
8.7238e-01
8.7937e-01
8.8639e-01
8.9339e-01
9.0041e-01
9.0741e-01
9.1442e-01
9.2142e-01
9.2844e-01
9.3544e-01
9.4243e-01
9.4945e-01
9.5645e-01
9.6347e-01
9.7047e-01
9.7748e-01
9.8448e-01
9.9150e-01
9.9850e-01
1.0055e+00
1.0125e+00
1.0195e+00
1.0265e+00
1.0335e+00
1.0405e+00
1.0475e+00
1.0546e+00
1.0616e+00
1.0686e+00
1.0756e+00
1.0826e+00
1.0896e+00
1.0966e+00
1.1036e+00
1.1106e+00
1.1176e+00
1.1246e+00
1.1316e+00
1.1386e+00
1.1456e+00
1.1526e+00
1.1597e+00
1.1667e+00
1.1737e+00
1.1807e+00
1.1877e+00
1.1947e+00
1.2017e+00
1.2087e+00
1.2157e+00
1.2227e+00
1.2297e+00
1.2367e+00
1.2437e+00
1.2508e+00
1.2578e+00
1.2648e+00
1.2718e+00
1.2788e+00
1.2858e+00
1.2928e+00
1.2998e+00
1.3068e+00
1.3138e+00
1.3208e+00
1.3278e+00
1.3348e+00
1.3418e+00
1.3488e+00
1.3559e+00
1.3629e+00
1.3699e+00
1.3769e+00
1.3839e+00
1.3909e+00
1.3979e+00
1.4049e+00
1.4119e+00
1.4189e+00
1.4259e+00
1.4329e+00
1.4399e+00
1.4470e+00
1.4540e+00
1.4610e+00
1.4680e+00
1.4750e+00
1.4820e+00
1.4890e+00
1.4960e+00
1.5030e+00
1.5100e+00
1.5170e+00
1.5240e+00
1.5310e+00
1.5380e+00
1.5450e+00
1.5520e+00
1.5591e+00
1.5661e+00
1.5731e+00
1.5801e+00
1.5871e+00
1.5941e+00
1.6011e+00
1.6081e+00
1.6151e+00
1.6221e+00
1.6291e+00
1.6361e+00
1.6431e+00
1.6502e+00
1.6572e+00
1.6642e+00
1.6712e+00
1.6782e+00
1.6852e+00
1.6922e+00
1.6992e+00
1.7062e+00
1.7132e+00
1.7202e+00
1.7272e+00
1.7342e+00
1.7412e+00
1.7482e+00
1.7553e+00
1.7623e+00
1.7693e+00
1.7763e+00
1.7833e+00
1.7903e+00
1.7973e+00
1.8043e+00
1.8113e+00
1.8183e+00
1.8253e+00
1.8322e+00
1.8394e+00
1.8463e+00
1.8534e+00
1.8604e+00
1.8673e+00
1.8745e+00
1.8814e+00
1.8883e+00
1.8955e+00
1.9024e+00
1.9094e+00
1.9165e+00
1.9234e+00
1.9304e+00
1.9375e+00
1.9444e+00
1.9514e+00
1.9585e+00
1.9655e+00
1.9724e+00
1.9795e+00
1.9865e+00
1.9934e+00
2.0005e+00
2.0075e+00
2.0144e+00
2.0216e+00
2.0285e+00
2.0356e+00
2.0426e+00
2.0495e+00
2.0566e+00
2.0636e+00
2.0705e+00
2.0777e+00
2.0846e+00
2.0915e+00
2.0987e+00
2.1056e+00
2.1126e+00
2.1197e+00
2.1266e+00
2.1336e+00
2.1407e+00
2.1476e+00
2.1546e+00
2.1617e+00
2.1687e+00
2.1756e+00
2.1827e+00
2.1897e+00
2.1966e+00
2.2037e+00
2.2107e+00
2.2178e+00
2.2247e+00
2.2317e+00
2.2388e+00
2.2458e+00
2.2527e+00
2.2598e+00
2.2668e+00
2.2737e+00
2.2808e+00
2.2878e+00
2.2947e+00
2.3019e+00
2.3088e+00
2.3157e+00
2.3229e+00
2.3298e+00
2.3368e+00
2.3439e+00
2.3508e+00
2.3578e+00
2.3649e+00
2.3718e+00
2.3788e+00
2.3859e+00
2.3929e+00
2.4000e+00
2.4069e+00
2.4139e+00
2.4210e+00
2.4279e+00
2.4349e+00
2.4420e+00
2.4490e+00
2.4559e+00
2.4630e+00
2.4700e+00
2.4769e+00
2.4840e+00
2.4910e+00
2.4979e+00
2.5051e+00
2.5120e+00
2.5189e+00
2.5261e+00
2.5330e+00
2.5400e+00
2.5471e+00
2.5540e+00
2.5610e+00
2.5681e+00
2.5750e+00
2.5822e+00
2.5891e+00
2.5961e+00
2.6032e+00
2.6101e+00
2.6171e+00
2.6242e+00
2.6311e+00
2.6381e+00
2.6452e+00
2.6522e+00
2.6591e+00
2.6662e+00
2.6732e+00
2.6801e+00
2.6872e+00
2.6942e+00
2.7011e+00
2.7083e+00
2.7152e+00
2.7221e+00
2.7293e+00
2.7362e+00
2.7432e+00
2.7503e+00
2.7572e+00
2.7644e+00
2.7713e+00
2.7782e+00
2.7854e+00
2.7923e+00
2.7993e+00
2.8064e+00
2.8133e+00
2.8203e+00
2.8274e+00
2.8343e+00
2.8413e+00
2.8484e+00
2.8554e+00
2.8623e+00
2.8694e+00
2.8764e+00
2.8833e+00
2.8904e+00
2.8974e+00
2.9043e+00
2.9115e+00
2.9184e+00
2.9253e+00
2.9325e+00
2.9394e+00
2.9465e+00
2.9535e+00
2.9604e+00
2.9676e+00
2.9745e+00
2.9814e+00
2.9886e+00
2.9955e+00
3.0025e+00
3.0096e+00
3.0165e+00
3.0235e+00
3.0306e+00
3.0375e+00
3.0445e+00
3.0516e+00
3.0586e+00
3.0655e+00
3.0726e+00
3.0796e+00
3.0865e+00
3.0936e+00
3.1006e+00
3.1075e+00
3.1146e+00
3.1216e+00
3.1287e+00
3.1357e+00
3.1426e+00
3.1497e+00
3.1567e+00
3.1636e+00
3.1707e+00
3.1777e+00
3.1846e+00
3.1918e+00
3.1987e+00
3.2056e+00
3.2128e+00
3.2197e+00
3.2267e+00
3.2338e+00
3.2407e+00
3.2477e+00
3.2548e+00
3.2617e+00
3.2687e+00
3.2758e+00
3.2828e+00
3.2897e+00
3.2968e+00
3.3038e+00
3.3109e+00
3.3178e+00
3.3248e+00
3.3319e+00
3.3389e+00
3.3458e+00
3.3529e+00
3.3599e+00
3.3668e+00
3.3739e+00
3.3809e+00
3.3878e+00
3.3950e+00
3.4019e+00
3.4088e+00
3.4160e+00
3.4229e+00
3.4299e+00
3.4370e+00
3.4439e+00
3.4509e+00
3.4580e+00
3.4649e+00
3.4719e+00
3.4790e+00
3.4860e+00
3.4931e+00
3.5000e+00
