
Automatic Data Collection:
Tue Feb 26 11:47:05 2019
Data points are recorded 50.000000 ms apart

time (s)	Lift (N)	Drag (N)
0.00000	 -0.05351	 0.47114
0.05000	 -0.01490	 0.45328
0.10000	 -0.00441	 0.45865
0.15000	 0.01334	 0.44453
0.20000	 0.02960	 0.44534
0.25000	 0.02180	 0.44101
0.30000	 0.02783	 0.45891
0.35000	 0.01395	 0.42649
0.40000	 0.06191	 0.43394
0.45000	 0.04067	 0.46754
0.50000	 0.04093	 0.44035
0.55000	 0.05774	 0.44502
0.60000	 0.03265	 0.39469
0.65000	 -0.00523	 0.42623
0.70000	 -0.00305	 0.46964
0.75000	 0.00202	 0.45051
0.80000	 0.02169	 0.48774
0.85000	 0.02381	 0.44563
0.90000	 -0.01835	 0.40828
0.95000	 0.02665	 0.47501
1.00000	 0.00835	 0.40828
1.05000	 0.01530	 0.43250
1.10000	 0.02480	 0.41394
1.15000	 0.02153	 0.43818
1.20000	 0.01671	 0.46358
1.25000	 0.03730	 0.42900
1.30000	 0.01841	 0.43691
1.35000	 0.01843	 0.43584
1.40000	 0.02794	 0.47022
1.45000	 0.03392	 0.47083
1.50000	 0.00319	 0.47744
1.55000	 -0.04240	 0.49874
1.60000	 -0.01392	 0.47380
1.65000	 0.00488	 0.51704
1.70000	 0.02873	 0.48719
1.75000	 0.03967	 0.47822
1.80000	 0.04006	 0.47989
1.85000	 0.02273	 0.44560
1.90000	 -0.00219	 0.42017
1.95000	 0.04554	 0.43189
2.00000	 0.04026	 0.40586
2.05000	 0.00737	 0.44318
2.10000	 0.03766	 0.46500
2.15000	 -0.01522	 0.50102
2.20000	 0.02862	 0.48633
2.25000	 0.02666	 0.47042
2.30000	 0.02255	 0.46121
2.35000	 -0.01939	 0.45478
2.40000	 0.01676	 0.40441
2.45000	 -0.01679	 0.40764
2.50000	 -0.03073	 0.42744
2.55000	 0.02530	 0.49675
2.60000	 0.00806	 0.48933
2.65000	 -0.01178	 0.49239
2.70000	 0.02499	 0.46904
2.75000	 0.00046	 0.46277
2.80000	 0.04374	 0.45319
2.85000	 -0.02856	 0.43792
2.90000	 -0.01268	 0.42268
2.95000	 0.00218	 0.48690
3.00000	 0.02730	 0.47441
3.05000	 0.00650	 0.53216
3.10000	 0.02955	 0.49322
3.15000	 -0.02056	 0.47417
3.20000	 0.01890	 0.50809
3.25000	 -0.01952	 0.46996
3.30000	 -0.01597	 0.45178
3.35000	 0.02459	 0.46918
3.40000	 0.01648	 0.45189
3.45000	 -0.00767	 0.47077
3.50000	 0.03214	 0.43945
3.55000	 0.04704	 0.44872
3.60000	 -0.02902	 0.45691
3.65000	 0.01130	 0.40897
3.70000	 0.05360	 0.44866
3.75000	 0.02462	 0.44459
3.80000	 0.02217	 0.44268
3.85000	 0.04471	 0.46869
3.90000	 0.02133	 0.49949
3.95000	 -0.00148	 0.51505
4.00000	 -0.00108	 0.45495
4.05000	 0.00193	 0.50315
4.10000	 0.05956	 0.48177
4.15000	 0.01872	 0.42846
4.20000	 -0.00351	 0.47328
4.25000	 -0.01533	 0.44416
4.30000	 0.00441	 0.45844
4.35000	 -0.02375	 0.47579
4.40000	 0.00830	 0.50699
4.45000	 0.00809	 0.51568
4.50000	 0.03718	 0.51271
4.55000	 0.01672	 0.43729
4.60000	 -0.00582	 0.49776
4.65000	 0.00934	 0.42929
4.70000	 0.02888	 0.44032
4.75000	 -0.03616	 0.42473
4.80000	 -0.00725	 0.43769
4.85000	 0.00920	 0.48604
4.90000	 0.01077	 0.50162
4.95000	 -0.02211	 0.51836
5.00000	 -0.00023	 0.47143
5.05000	 0.01720	 0.45287
5.10000	 0.03360	 0.44323
5.15000	 -0.00361	 0.43587
5.20000	 0.00026	 0.44655
5.25000	 -0.00942	 0.44315
5.30000	 0.00181	 0.48347
5.35000	 0.05614	 0.48633
5.40000	 0.05842	 0.42150
5.45000	 0.04324	 0.46514
5.50000	 0.00165	 0.43720
5.55000	 0.02896	 0.43553
5.60000	 0.02096	 0.43628
5.65000	 0.05447	 0.41887
5.70000	 0.04194	 0.44901
5.75000	 0.02020	 0.47025
5.80000	 0.02490	 0.47631
5.85000	 -0.01778	 0.45446
5.90000	 -0.01778	 0.45619
5.95000	 0.01261	 0.49040
6.00000	 0.00624	 0.52930
6.05000	 -0.02018	 0.50341
6.10000	 -0.00252	 0.48240
6.15000	 -0.00705	 0.43885
6.20000	 0.04855	 0.49903
6.25000	 0.01896	 0.43501
6.30000	 0.05402	 0.46632
6.35000	 0.03980	 0.42941
6.40000	 0.02578	 0.43812
6.45000	 0.01863	 0.45437
6.50000	 -0.01440	 0.47126
6.55000	 -0.01890	 0.47247
6.60000	 0.04135	 0.50636
6.65000	 0.05935	 0.50780
6.70000	 0.04180	 0.49931
6.75000	 0.03843	 0.50177
6.80000	 0.01063	 0.47853
6.85000	 0.03353	 0.46869
6.90000	 0.00064	 0.43769
6.95000	 0.00985	 0.45631
7.00000	 0.01398	 0.45250
7.05000	 0.04461	 0.47060
7.10000	 0.04034	 0.52206
7.15000	 -0.01922	 0.50330
7.20000	 -0.03239	 0.47449
7.25000	 -0.00897	 0.50474
7.30000	 0.00205	 0.44580
7.35000	 0.03719	 0.49522
7.40000	 0.04137	 0.47931
7.45000	 -0.01997	 0.44794
7.50000	 0.00069	 0.43582
7.55000	 0.01313	 0.42167
7.60000	 0.01987	 0.40574
7.65000	 0.07663	 0.41749
7.70000	 0.05439	 0.44445
7.75000	 0.05602	 0.43654
7.80000	 0.02273	 0.46543
7.85000	 0.01372	 0.53311
7.90000	 0.05582	 0.47383
7.95000	 0.01693	 0.47256
8.00000	 0.02010	 0.47109
8.05000	 0.03282	 0.45715
8.10000	 0.00784	 0.47801
8.15000	 0.00854	 0.46889
8.20000	 0.01998	 0.46482
8.25000	 -0.05052	 0.44141
8.30000	 0.03032	 0.46199
8.35000	 0.00863	 0.46026
8.40000	 -0.05036	 0.44072
8.45000	 -0.00368	 0.40496
8.50000	 0.00789	 0.46306
8.55000	 0.04096	 0.43824
8.60000	 -0.00568	 0.44482
8.65000	 -0.04996	 0.44589
8.70000	 -0.00793	 0.46632
8.75000	 0.02440	 0.48304
8.80000	 -0.00199	 0.44055
8.85000	 0.00992	 0.46612
8.90000	 0.01480	 0.42993
8.95000	 0.02468	 0.45715
9.00000	 0.04641	 0.46837
9.05000	 0.02487	 0.46520
9.10000	 0.02121	 0.50125
9.15000	 0.03046	 0.46993
9.20000	 0.02192	 0.43786
9.25000	 -0.00112	 0.45114
9.30000	 -0.01669	 0.42889
9.35000	 -0.03191	 0.41405
9.40000	 -0.01186	 0.41928
9.45000	 -0.02429	 0.43792
9.50000	 -0.01113	 0.49233
9.55000	 0.01148	 0.47807
9.60000	 -0.01198	 0.48477
9.65000	 -0.03709	 0.49068
9.70000	 0.00640	 0.45120
9.75000	 0.05732	 0.50018
9.80000	 0.02707	 0.42234
9.85000	 0.00854	 0.47048
9.90000	 0.05512	 0.39688
9.95000	 0.01150	 0.42453
