
Automatic Data Collection:
Thu Feb 21 16:19:31 2019
Data points are recorded 50.000000 ms apart

time (s)	Lift (N)	Drag (N)
0.00000	 0.00132	 0.01121
0.05000	 -0.00237	 0.01100
0.10000	 0.00023	 0.01129
0.15000	 0.00395	 0.01095
0.20000	 0.00220	 0.01245
0.25000	 -0.00270	 0.01328
0.30000	 -0.00307	 0.01401
0.35000	 0.00322	 0.00685
0.40000	 0.00352	 0.01051
0.45000	 0.00112	 0.01126
0.50000	 -0.00011	 0.01704
0.55000	 0.00295	 0.01011
0.60000	 0.00363	 0.00786
0.65000	 -0.00071	 0.01438
0.70000	 -0.00150	 0.01502
0.75000	 0.00088	 0.01427
0.80000	 0.00381	 0.01285
0.85000	 0.00057	 0.00956
0.90000	 -0.00093	 0.02157
0.95000	 0.00343	 0.01450
1.00000	 0.00001	 0.00587
1.05000	 -0.00416	 0.00895
1.10000	 -0.00019	 0.01738
1.15000	 0.00372	 0.02139
1.20000	 0.00186	 0.01181
1.25000	 -0.00171	 0.01069
1.30000	 -0.00195	 0.01383
1.35000	 0.00229	 0.01447
1.40000	 0.00349	 0.01450
1.45000	 -0.00107	 0.01369
1.50000	 -0.00016	 0.01857
1.55000	 0.00322	 0.01672
1.60000	 0.00412	 0.01487
1.65000	 0.00108	 0.01510
1.70000	 -0.00140	 0.02506
1.75000	 0.00253	 0.01311
1.80000	 0.00371	 0.00858
1.85000	 0.00045	 0.01744
1.90000	 -0.00261	 0.01911
1.95000	 0.00008	 0.01473
2.00000	 0.00259	 0.01473
2.05000	 -0.00019	 0.01525
2.10000	 -0.00257	 0.01900
2.15000	 0.00312	 0.02160
2.20000	 0.00180	 0.01756
2.25000	 -0.00392	 0.01233
2.30000	 -0.00074	 0.02431
2.35000	 0.00104	 0.02053
2.40000	 0.00175	 0.02197
2.45000	 0.00045	 0.01629
2.50000	 0.00056	 0.01175
2.55000	 0.00550	 0.00728
2.60000	 0.00473	 0.00610
2.65000	 -0.00071	 0.02238
2.70000	 -0.00133	 0.02292
2.75000	 0.00172	 0.02099
2.80000	 0.00555	 0.00867
2.85000	 0.00093	 0.01790
2.90000	 -0.00217	 0.01963
2.95000	 0.00155	 0.02336
3.00000	 0.00357	 0.01747
3.05000	 -0.00005	 0.02012
3.10000	 -0.00321	 0.03332
3.15000	 0.00073	 0.02985
3.20000	 0.00397	 0.00921
3.25000	 0.00341	 0.01594
3.30000	 0.00133	 0.01297
3.35000	 0.00502	 0.02108
3.40000	 0.00231	 0.01842
3.45000	 -0.00478	 0.02769
3.50000	 -0.00301	 0.02489
3.55000	 0.00243	 0.03112
3.60000	 0.00422	 0.01253
3.65000	 0.00107	 0.01435
3.70000	 0.00012	 0.02466
3.75000	 0.00231	 0.01883
3.80000	 0.00178	 0.02203
3.85000	 -0.00137	 0.02171
3.90000	 -0.00323	 0.01704
3.95000	 0.00020	 0.02720
4.00000	 0.00434	 0.02434
4.05000	 0.00149	 0.02053
4.10000	 -0.00234	 0.03378
4.15000	 0.00076	 0.02321
4.20000	 0.00566	 0.01758
4.25000	 0.00285	 0.01799
4.30000	 -0.00270	 0.02258
4.35000	 -0.00061	 0.02463
4.40000	 0.00358	 0.01669
4.45000	 0.00076	 0.02621
4.50000	 -0.00087	 0.02310
4.55000	 0.00361	 0.01909
4.60000	 0.00223	 0.01453
4.65000	 -0.00250	 0.01900
4.70000	 -0.00256	 0.01972
4.75000	 0.00248	 0.03802
4.80000	 0.00296	 0.01415
4.85000	 0.00008	 0.01571
4.90000	 -0.00166	 0.02520
4.95000	 0.00336	 0.02512
5.00000	 0.00394	 0.02353
5.05000	 -0.00200	 0.02691
5.10000	 -0.00366	 0.02812
5.15000	 0.00127	 0.02396
5.20000	 0.00518	 0.01331
5.25000	 0.00229	 0.02564
5.30000	 -0.00330	 0.03106
5.35000	 0.00042	 0.03207
5.40000	 0.00267	 0.01741
5.45000	 0.00026	 0.02460
5.50000	 -0.00378	 0.02795
5.55000	 -0.00135	 0.02434
5.60000	 0.00223	 0.01351
5.65000	 0.00495	 0.02067
5.70000	 -0.00138	 0.02471
5.75000	 0.00400	 0.03744
5.80000	 0.00157	 0.02469
5.85000	 -0.00183	 0.02549
5.90000	 -0.00121	 0.02463
5.95000	 0.00361	 0.03285
6.00000	 0.00265	 0.01989
6.05000	 0.00034	 0.01614
6.10000	 -0.00439	 0.02428
6.15000	 0.00053	 0.02541
6.20000	 0.00133	 0.01721
6.25000	 -0.00326	 0.02578
6.30000	 -0.00654	 0.02422
6.35000	 -0.00164	 0.02526
6.40000	 0.00064	 0.01681
6.45000	 0.00050	 0.01701
6.50000	 -0.00361	 0.02555
6.55000	 -0.00088	 0.03028
6.60000	 0.00299	 0.01669
6.65000	 0.00060	 0.02627
6.70000	 -0.00399	 0.02723
6.75000	 -0.00284	 0.03427
6.80000	 0.00310	 0.02177
6.85000	 0.00423	 0.02318
6.90000	 -0.00031	 0.02679
6.95000	 0.00329	 0.03640
7.00000	 0.00361	 0.02919
7.05000	 -0.00335	 0.02466
7.10000	 -0.00597	 0.02691
7.15000	 0.00064	 0.03222
7.20000	 0.00355	 0.03193
7.25000	 -0.00002	 0.01302
7.30000	 -0.00180	 0.03063
7.35000	 0.00043	 0.03262
7.40000	 0.00157	 0.02723
7.45000	 0.00113	 0.02520
7.50000	 -0.00499	 0.02754
7.55000	 -0.00419	 0.03271
7.60000	 0.00212	 0.02050
7.65000	 0.00191	 0.02570
7.70000	 -0.00092	 0.02904
7.75000	 -0.00135	 0.04111
7.80000	 0.00219	 0.02165
7.85000	 0.00206	 0.02272
7.90000	 -0.00326	 0.02385
7.95000	 -0.00343	 0.03138
8.00000	 0.00127	 0.01952
8.05000	 0.00155	 0.01828
8.10000	 -0.00135	 0.02852
8.15000	 0.00268	 0.03317
8.20000	 0.00510	 0.03176
8.25000	 0.00033	 0.02316
8.30000	 -0.00275	 0.02593
8.35000	 -0.00239	 0.03005
8.40000	 0.00129	 0.02751
8.45000	 -0.00082	 0.01686
8.50000	 -0.00288	 0.03052
8.55000	 -0.00110	 0.03259
8.60000	 0.00222	 0.01793
8.65000	 -0.00118	 0.02064
8.70000	 -0.00487	 0.02428
8.75000	 -0.00484	 0.03228
8.80000	 0.00070	 0.01932
8.85000	 0.00349	 0.01810
8.90000	 -0.00126	 0.03297
8.95000	 -0.00313	 0.03366
9.00000	 0.00225	 0.02610
9.05000	 0.00229	 0.01802
9.10000	 -0.00144	 0.02870
9.15000	 -0.00394	 0.02647
9.20000	 -0.00085	 0.03014
9.25000	 0.00239	 0.02229
9.30000	 -0.00335	 0.02971
9.35000	 -0.00078	 0.03343
9.40000	 0.00416	 0.02991
9.45000	 0.00127	 0.02203
9.50000	 -0.00402	 0.02558
9.55000	 -0.00261	 0.03288
9.60000	 0.00118	 0.03649
9.65000	 0.00271	 0.01631
9.70000	 -0.00226	 0.03040
9.75000	 -0.00324	 0.03906
9.80000	 0.00132	 0.02916
9.85000	 0.00509	 0.02301
9.90000	 -0.00104	 0.02486
9.95000	 -0.00454	 0.02948
