
Automatic Data Collection:
Thu Feb 21 16:20:57 2019
Data points are recorded 50.000000 ms apart

time (s)	Lift (N)	Drag (N)
0.00000	 0.00709	 0.11814
0.05000	 0.00656	 0.11748
0.10000	 -0.00439	 0.13422
0.15000	 -0.01210	 0.14949
0.20000	 -0.00479	 0.13362
0.25000	 -0.01354	 0.12037
0.30000	 -0.01045	 0.14158
0.35000	 -0.00430	 0.13751
0.40000	 -0.00555	 0.12649
0.45000	 -0.01072	 0.11370
0.50000	 -0.00971	 0.11419
0.55000	 -0.00288	 0.12957
0.60000	 -0.00292	 0.13333
0.65000	 -0.00349	 0.11099
0.70000	 -0.00256	 0.14057
0.75000	 -0.00343	 0.12022
0.80000	 -0.00440	 0.10256
0.85000	 0.00564	 0.12923
0.90000	 0.00338	 0.14429
0.95000	 0.00622	 0.13708
1.00000	 0.00600	 0.12839
1.05000	 -0.00678	 0.11915
1.10000	 -0.00242	 0.13359
1.15000	 -0.01152	 0.12799
1.20000	 0.00367	 0.11454
1.25000	 -0.00042	 0.12464
1.30000	 -0.00309	 0.12810
1.35000	 -0.00161	 0.12155
1.40000	 -0.00316	 0.11188
1.45000	 -0.00572	 0.11254
1.50000	 -0.00565	 0.13985
1.55000	 0.00341	 0.14851
1.60000	 -0.00368	 0.11200
1.65000	 -0.00816	 0.10184
1.70000	 -0.01337	 0.13110
1.75000	 -0.00168	 0.12221
1.80000	 -0.00271	 0.10767
1.85000	 -0.00295	 0.10833
1.90000	 -0.00775	 0.15229
1.95000	 -0.00608	 0.14577
2.00000	 -0.00064	 0.11610
2.05000	 -0.00037	 0.11361
2.10000	 -0.01113	 0.12262
2.15000	 -0.00551	 0.13084
2.20000	 0.00350	 0.11826
2.25000	 0.00135	 0.14043
2.30000	 -0.00761	 0.14828
2.35000	 -0.00769	 0.13116
2.40000	 0.00059	 0.11179
2.45000	 -0.00175	 0.11263
2.50000	 -0.00507	 0.15027
2.55000	 -0.01019	 0.15330
2.60000	 -0.00090	 0.12793
2.65000	 -0.00133	 0.11035
2.70000	 -0.00534	 0.11690
2.75000	 0.00146	 0.11373
2.80000	 -0.00535	 0.13255
2.85000	 -0.00591	 0.12374
2.90000	 -0.00636	 0.15070
2.95000	 0.00119	 0.14378
3.00000	 0.00043	 0.12556
3.05000	 -0.01281	 0.12585
3.10000	 -0.01509	 0.11563
3.15000	 -0.01189	 0.12597
3.20000	 -0.00183	 0.13595
3.25000	 0.00363	 0.13884
3.30000	 -0.00471	 0.15056
3.35000	 -0.00287	 0.14580
3.40000	 0.00485	 0.12025
3.45000	 -0.00588	 0.12204
3.50000	 0.00033	 0.13001
3.55000	 -0.00216	 0.13743
3.60000	 -0.00019	 0.11477
3.65000	 -0.00202	 0.12504
3.70000	 -0.00659	 0.13549
3.75000	 -0.01486	 0.14389
3.80000	 -0.01047	 0.13350
3.85000	 -0.00076	 0.12143
3.90000	 -0.00467	 0.14669
3.95000	 -0.00115	 0.12833
4.00000	 -0.00506	 0.13223
4.05000	 -0.00571	 0.12077
4.10000	 -0.00944	 0.15734
4.15000	 -0.00270	 0.14011
4.20000	 0.00045	 0.12646
4.25000	 -0.00031	 0.11361
4.30000	 -0.00563	 0.15443
4.35000	 0.01061	 0.14655
4.40000	 0.00054	 0.13367
4.45000	 -0.01735	 0.12291
4.50000	 -0.01543	 0.11630
4.55000	 -0.00633	 0.11032
4.60000	 -0.00025	 0.12066
4.65000	 -0.01131	 0.13898
4.70000	 -0.01163	 0.15746
4.75000	 -0.00242	 0.13090
4.80000	 -0.00237	 0.11526
4.85000	 -0.00868	 0.12305
4.90000	 -0.00265	 0.14401
4.95000	 -0.00445	 0.14620
5.00000	 -0.00858	 0.13757
5.05000	 -0.00715	 0.12002
5.10000	 0.00096	 0.11999
5.15000	 0.00381	 0.11915
5.20000	 -0.00042	 0.11734
5.25000	 -0.01276	 0.13411
5.30000	 -0.00530	 0.15728
5.35000	 -0.00259	 0.14476
5.40000	 0.00710	 0.11457
5.45000	 0.00017	 0.08807
5.50000	 -0.00637	 0.14556
5.55000	 -0.00079	 0.13035
5.60000	 -0.00783	 0.12397
5.65000	 -0.01050	 0.13823
5.70000	 -0.00771	 0.14860
5.75000	 -0.00312	 0.13188
5.80000	 -0.00627	 0.09404
5.85000	 -0.00357	 0.10201
5.90000	 -0.00361	 0.12790
5.95000	 0.00536	 0.14458
6.00000	 0.00831	 0.14204
6.05000	 -0.00603	 0.13930
6.10000	 -0.01095	 0.14761
6.15000	 -0.00444	 0.13067
6.20000	 -0.00327	 0.13849
6.25000	 -0.00547	 0.13229
6.30000	 -0.00786	 0.14268
6.35000	 0.00726	 0.12900
6.40000	 0.00260	 0.12219
6.45000	 -0.01037	 0.11116
6.50000	 -0.01749	 0.14530
6.55000	 -0.00766	 0.14695
6.60000	 -0.02097	 0.11555
6.65000	 -0.01115	 0.08977
6.70000	 -0.00979	 0.13024
6.75000	 -0.00439	 0.14011
6.80000	 -0.00858	 0.13595
6.85000	 -0.00386	 0.14715
6.90000	 -0.00561	 0.13240
6.95000	 -0.00734	 0.10397
7.00000	 -0.00200	 0.10314
7.05000	 -0.01562	 0.12464
7.10000	 -0.00820	 0.15139
7.15000	 -0.00059	 0.14828
7.20000	 -0.00837	 0.10940
7.25000	 -0.00881	 0.12542
7.30000	 -0.00636	 0.14132
7.35000	 -0.00855	 0.13177
7.40000	 0.00065	 0.10824
7.45000	 -0.00416	 0.11162
7.50000	 -0.00510	 0.15417
7.55000	 0.00879	 0.16718
7.60000	 -0.00403	 0.13763
7.65000	 -0.00930	 0.13009
7.70000	 -0.00958	 0.13872
7.75000	 0.00284	 0.13437
7.80000	 0.00101	 0.11607
7.85000	 -0.00490	 0.11711
7.90000	 -0.01841	 0.15137
7.95000	 -0.00684	 0.14366
8.00000	 -0.00870	 0.11537
8.05000	 -0.00896	 0.13125
8.10000	 -0.00698	 0.14051
8.15000	 -0.00129	 0.13844
8.20000	 -0.00493	 0.10614
8.25000	 0.00208	 0.13082
8.30000	 -0.00056	 0.13561
8.35000	 -0.00766	 0.13434
8.40000	 -0.00090	 0.13341
8.45000	 -0.00667	 0.13183
8.50000	 -0.01127	 0.13396
8.55000	 -0.00591	 0.13191
8.60000	 -0.00073	 0.12432
8.65000	 0.00040	 0.11586
8.70000	 0.00312	 0.12776
8.75000	 0.00679	 0.14580
8.80000	 -0.00678	 0.15396
8.85000	 -0.01031	 0.13489
8.90000	 0.00228	 0.15177
8.95000	 0.00851	 0.11607
9.00000	 0.00254	 0.10611
9.05000	 -0.00735	 0.11673
9.10000	 -0.01422	 0.15145
9.15000	 -0.00810	 0.14164
9.20000	 0.00153	 0.13061
9.25000	 -0.00752	 0.12871
9.30000	 -0.01323	 0.11633
9.35000	 0.00315	 0.13650
9.40000	 -0.00178	 0.12115
9.45000	 -0.00650	 0.13154
9.50000	 0.00005	 0.15261
9.55000	 0.00498	 0.13667
9.60000	 0.00146	 0.11159
9.65000	 -0.00709	 0.13437
9.70000	 -0.00695	 0.14022
9.75000	 0.00533	 0.13382
9.80000	 0.00212	 0.11693
9.85000	 0.00036	 0.12475
9.90000	 0.00191	 0.16020
9.95000	 0.00532	 0.15425
