
Automatic Data Collection:
Thu Feb 21 16:22:57 2019
Data points are recorded 50.000000 ms apart

time (s)	Lift (N)	Drag (N)
0.00000	 0.00721	 0.43506
0.05000	 -0.01086	 0.45079
0.10000	 -0.00084	 0.50688
0.15000	 0.01234	 0.52113
0.20000	 -0.00420	 0.51972
0.25000	 -0.01072	 0.41079
0.30000	 0.00564	 0.43890
0.35000	 0.01836	 0.64782
0.40000	 -0.02277	 0.50223
0.45000	 -0.00585	 0.42548
0.50000	 0.00011	 0.52122
0.55000	 0.01022	 0.43757
0.60000	 -0.05246	 0.51923
0.65000	 0.04495	 0.51848
0.70000	 0.00549	 0.44335
0.75000	 0.01755	 0.52780
0.80000	 0.01980	 0.40204
0.85000	 0.00608	 0.46078
0.90000	 -0.02494	 0.45544
0.95000	 0.01672	 0.56945
1.00000	 -0.01588	 0.48979
1.05000	 -0.02388	 0.42843
1.10000	 -0.03551	 0.43939
1.15000	 0.00126	 0.47977
1.20000	 -0.01624	 0.50970
1.25000	 -0.05798	 0.46655
1.30000	 -0.03226	 0.38908
1.35000	 -0.00357	 0.47391
1.40000	 0.01096	 0.51998
1.45000	 -0.06960	 0.45830
1.50000	 -0.01241	 0.53464
1.55000	 -0.03266	 0.35153
1.60000	 -0.03539	 0.40992
1.65000	 -0.04471	 0.53808
1.70000	 -0.03784	 0.40438
1.75000	 -0.02477	 0.43356
1.80000	 -0.02121	 0.51383
1.85000	 -0.02557	 0.47068
1.90000	 -0.02165	 0.48999
1.95000	 0.02534	 0.57214
2.00000	 0.03042	 0.53984
2.05000	 0.02498	 0.46387
2.10000	 -0.05651	 0.53444
2.15000	 -0.04192	 0.51380
2.20000	 -0.05302	 0.43408
2.25000	 -0.01292	 0.48214
2.30000	 -0.05885	 0.42410
2.35000	 -0.03329	 0.47977
2.40000	 -0.00734	 0.59344
2.45000	 -0.01107	 0.50246
2.50000	 0.01856	 0.48433
2.55000	 -0.01920	 0.44011
2.60000	 -0.04173	 0.44312
2.65000	 -0.01994	 0.51421
2.70000	 -0.03435	 0.44753
2.75000	 -0.00213	 0.47974
2.80000	 -0.02816	 0.45247
2.85000	 -0.04862	 0.45954
2.90000	 -0.02602	 0.45977
2.95000	 -0.02256	 0.49250
3.00000	 -0.04817	 0.45833
3.05000	 -0.04823	 0.47870
3.10000	 0.05190	 0.46188
3.15000	 -0.01264	 0.54122
3.20000	 -0.03455	 0.47738
3.25000	 -0.00723	 0.45094
3.30000	 0.01633	 0.49005
3.35000	 -0.05614	 0.50073
3.40000	 -0.01968	 0.48277
3.45000	 -0.01031	 0.44072
3.50000	 -0.02946	 0.58166
3.55000	 -0.04710	 0.49265
3.60000	 -0.03571	 0.41515
3.65000	 -0.03894	 0.44193
3.70000	 -0.02632	 0.44387
3.75000	 -0.00630	 0.42349
3.80000	 -0.04100	 0.54547
3.85000	 -0.03909	 0.44675
3.90000	 -0.03047	 0.47963
3.95000	 -0.02332	 0.52616
4.00000	 -0.02518	 0.39688
4.05000	 -0.02244	 0.49978
4.10000	 -0.01303	 0.46924
4.15000	 -0.05105	 0.48364
4.20000	 -0.02759	 0.51181
4.25000	 -0.02185	 0.42271
4.30000	 -0.02365	 0.58544
4.35000	 -0.03750	 0.49822
4.40000	 -0.03605	 0.48234
4.45000	 -0.02712	 0.56789
4.50000	 -0.03235	 0.40002
4.55000	 -0.00552	 0.53222
4.60000	 0.01531	 0.42972
4.65000	 -0.02705	 0.50973
4.70000	 -0.00200	 0.53597
4.75000	 -0.01152	 0.47515
4.80000	 0.00395	 0.59349
4.85000	 -0.05021	 0.41867
4.90000	 -0.02919	 0.50061
4.95000	 0.02430	 0.54391
5.00000	 -0.03174	 0.41160
5.05000	 -0.01352	 0.49374
5.10000	 -0.01613	 0.44369
5.15000	 0.00462	 0.44294
5.20000	 0.02273	 0.53369
5.25000	 0.02521	 0.44456
5.30000	 -0.01259	 0.52904
5.35000	 -0.00223	 0.48549
5.40000	 -0.02579	 0.38207
5.45000	 0.00602	 0.49657
5.50000	 0.02393	 0.52194
5.55000	 -0.02421	 0.53637
5.60000	 -0.03187	 0.50835
5.65000	 -0.03263	 0.40467
5.70000	 0.01796	 0.44162
5.75000	 -0.02353	 0.46996
5.80000	 -0.02408	 0.54925
5.85000	 0.01101	 0.46771
5.90000	 -0.05583	 0.41365
5.95000	 -0.03196	 0.47755
6.00000	 -0.02616	 0.43694
6.05000	 -0.07375	 0.49452
6.10000	 -0.00000	 0.50985
6.15000	 -0.02092	 0.47795
6.20000	 -0.03066	 0.51273
6.25000	 -0.00012	 0.48843
6.30000	 -0.00543	 0.49643
6.35000	 0.00909	 0.49112
6.40000	 -0.00484	 0.39425
6.45000	 -0.03633	 0.50047
6.50000	 -0.00268	 0.55167
6.55000	 -0.00993	 0.43503
6.60000	 -0.03019	 0.51250
6.65000	 -0.03094	 0.48973
6.70000	 -0.00534	 0.52318
6.75000	 0.01352	 0.46471
6.80000	 -0.04848	 0.46179
6.85000	 0.01166	 0.50283
6.90000	 -0.01154	 0.49426
6.95000	 -0.04066	 0.46742
7.00000	 -0.03578	 0.45862
7.05000	 -0.04973	 0.38692
7.10000	 -0.04725	 0.45509
7.15000	 -0.01546	 0.44265
7.20000	 -0.06066	 0.51574
7.25000	 -0.03300	 0.48251
7.30000	 -0.01194	 0.44600
7.35000	 -0.05913	 0.49218
7.40000	 -0.02236	 0.42083
7.45000	 -0.02214	 0.50229
7.50000	 0.01895	 0.45460
7.55000	 -0.00895	 0.51995
7.60000	 -0.04872	 0.51383
7.65000	 -0.01062	 0.40811
7.70000	 0.00487	 0.49952
7.75000	 -0.00416	 0.47648
7.80000	 -0.00292	 0.44436
7.85000	 -0.04989	 0.50878
7.90000	 -0.04133	 0.48136
7.95000	 -0.01866	 0.37436
8.00000	 0.01529	 0.54567
8.05000	 0.00371	 0.50916
8.10000	 -0.06763	 0.51605
8.15000	 -0.02869	 0.38868
8.20000	 -0.06778	 0.45489
8.25000	 0.00408	 0.49143
8.30000	 -0.05648	 0.48904
8.35000	 -0.01814	 0.47397
8.40000	 0.00630	 0.38747
8.45000	 -0.03495	 0.45968
8.50000	 -0.02703	 0.51998
8.55000	 -0.00068	 0.46257
8.60000	 -0.02244	 0.50055
8.65000	 -0.03173	 0.41013
8.70000	 -0.03882	 0.44479
8.75000	 -0.03900	 0.54316
8.80000	 -0.01796	 0.49897
8.85000	 0.00737	 0.40787
8.90000	 -0.01000	 0.44338
8.95000	 0.01436	 0.42972
9.00000	 -0.02866	 0.52315
9.05000	 -0.05023	 0.49651
9.10000	 -0.06451	 0.41160
9.15000	 -0.02162	 0.50604
9.20000	 -0.04432	 0.38285
9.25000	 0.01777	 0.44343
9.30000	 -0.00084	 0.43376
9.35000	 -0.02115	 0.48959
9.40000	 -0.01816	 0.45042
9.45000	 -0.01974	 0.48047
9.50000	 -0.03328	 0.53848
9.55000	 -0.01188	 0.41437
9.60000	 0.00045	 0.41754
9.65000	 0.00408	 0.57952
9.70000	 -0.01048	 0.48973
9.75000	 -0.00687	 0.49998
9.80000	 0.00461	 0.40239
9.85000	 -0.02743	 0.46898
9.90000	 -0.03728	 0.55554
9.95000	 0.01268	 0.46156
