<<PMCA SPECTRUM>>
TAG - Untitled_MCS
DESCRIPTION - MCS Spectrum
GAIN - 1
THRESHOLD - 10
LIVE_MODE - 0
PRESET_TIME - 0
LIVE_TIME - 2040.586667
REAL_TIME - 2040.653333
START_TIME - 11/06/2018 13:26:03
SERIAL_NUMBER - 1912
<<DATA>>
48
43
51
55
59
43
47
46
47
38
53
58
42
48
52
38
35
41
38
51
50
43
44
50
53
69
44
30
47
43
45
54
50
41
46
52
59
59
27
63
53
46
38
42
46
39
48
44
60
42
50
50
44
38
49
49
55
39
55
42
47
47
39
41
53
50
49
52
40
39
49
50
55
48
39
58
60
51
48
58
42
48
45
42
53
42
43
47
47
44
54
49
46
65
55
74
37
50
56
41
60
53
45
56
44
44
48
49
55
50
42
71
41
57
54
52
49
47
45
44
51
38
50
45
55
44
46
47
47
50
48
49
52
46
53
47
36
51
53
58
44
49
51
48
55
47
55
56
62
47
41
51
46
61
44
45
54
57
54
71
48
49
51
44
42
49
60
39
46
50
46
45
59
48
46
39
57
51
35
46
48
44
70
54
35
43
53
45
57
49
60
43
49
40
39
56
50
51
60
48
46
42
43
50
43
34
46
55
64
56
42
44
51
44
47
55
50
53
42
53
41
59
50
56
47
36
45
51
48
61
39
44
49
54
55
47
50
42
67
38
59
52
46
58
52
31
53
55
54
51
52
56
48
48
41
42
46
53
46
52
45
53
58
49
51
49
38
49
46
44
41
60
47
36
62
45
40
60
47
48
44
49
47
56
56
43
41
40
46
49
62
38
60
44
60
43
54
49
44
53
43
58
49
47
43
65
50
47
48
44
48
44
39
45
63
53
50
54
44
51
53
49
36
57
46
58
53
50
50
56
45
53
62
70
50
44
45
51
63
47
51
49
39
40
38
53
64
47
38
42
44
53
56
46
57
53
52
48
40
42
43
45
52
39
53
44
54
47
62
44
46
57
49
52
54
55
47
50
38
43
36
60
47
54
46
53
56