<<PMCA SPECTRUM>>
TAG - Untitled_MCS
DESCRIPTION - MCS Spectrum
GAIN - 1
THRESHOLD - 10
LIVE_MODE - 0
PRESET_TIME - 0
LIVE_TIME - 173.253333
REAL_TIME - 173.266667
START_TIME - 11/06/2018 14:09:12
SERIAL_NUMBER - 1912
<<DATA>>
4
6
4
3
2
2
3
1
2
6
7
6
4
3
3
2
6
6
2
2
5
4
6
3
3
0
5
1
4
4
4
5
2
5
5
1
2
4
4
4
7
3
5
4
5
5
3
2
1
2
4
5
5
3
1
2
3
4
5
1
4
2
4
4
3
5
3
3
3
3
5
2
2
10
15
15
0
4
4
5
4
1
2
3
4
1
2
5
4
3
2
3
6
4
7
2
2
1
3
3
7
5
4
6
5
6
5
4
6
2
2
6
4
3
3
1
2
5
4
3
5
3
4
2
6
4
7
3
1
1
3
7
5
3
6
2
4
4
0
2
6
3
1
3
7
3
5
6
1
1
4
5
4
4
3
6
6
3
5
4
7
4
5
5
4
3
5
5
3
4
10
4
2
3
1
4
3
5
2
3
2
5
5
3
4
3
6
3
4
6
4
1
2
4
4
4
2
3
1
6
2
4
6
4
3
6
2
3
3
7
2
4
5
3
7
4
10
6
5
5
7
3
3
2
3
4
5
6
6
3
5
3
3
6
4
4
4
4
5
7
1
6
3
3
5
8
2
3
6
3
2
8
1
4
3
3
1
2
4
7
7
0
2
3
7
5
6
4
2
2
3
6
7
2
5
2
2
1
1
4
3
5
3
6
7
2
6
7
2
7
4
2
6
8
4
5
4
4
4
7
5
5
5
2
8
2
3
4
2
8
1
2
1
3
2
1
5
4
3
6
8
2
3
3
6
5
4
5
4
10
4
3
4
7
5
3
4
3
6
5
3
9
3
3
4
1
4
4
1
4
1
1
6
8
5
3
3
5
9
2
4
8
5
1
7
4
2
2
6
4
5
7
4
5
8
4
5
3
2
4
6
6
6
4
3
4
5
4
6
4
6
4
2
5
1
6
4
3
5
6
4
1
0
0
0
0
0
0
0
0
0
0
0
0
0
0
0
0
0
0
0
0
0
0
0
0
0
0
0
0
0
0
0
0
0
0
0
0
0
0
0
0
0
0
0
0
0
0
0
0
0
0
0
0
0
0
0
0
0
0
0
0
0
0
0
0
0
0
0
0
0
0
0
0
0
0
0
0
0
0
0
0
0
0
0
0
0
0
0
0
0
0
0
0
0
0
0
0
0
0
0
0
0
0
0
0
0
0
0
0
<<END>>
