
Automatic Data Collection:
Tue Feb 26 11:33:36 2019
Data points are recorded 50.000000 ms apart

time (s)	Lift (N)	Drag (N)
0.00000	 -0.02525	 0.32784
0.05000	 -0.01469	 0.40052
0.10000	 -0.00075	 0.40167
0.15000	 0.01705	 0.39532
0.20000	 0.00866	 0.43354
0.25000	 -0.01925	 0.39997
0.30000	 -0.00798	 0.42006
0.35000	 0.02691	 0.39734
0.40000	 0.01807	 0.36097
0.45000	 -0.00513	 0.37312
0.50000	 0.01066	 0.37552
0.55000	 -0.01427	 0.39976
0.60000	 -0.03315	 0.42938
0.65000	 0.01297	 0.39988
0.70000	 0.01997	 0.44271
0.75000	 -0.03167	 0.39855
0.80000	 -0.02161	 0.37018
0.85000	 0.04321	 0.39985
0.90000	 0.03901	 0.41319
0.95000	 0.00098	 0.46453
1.00000	 -0.03746	 0.44753
1.05000	 -0.04558	 0.44494
1.10000	 0.00007	 0.39818
1.15000	 -0.03239	 0.40228
1.20000	 -0.01691	 0.37566
1.25000	 -0.05779	 0.35719
1.30000	 -0.00077	 0.38686
1.35000	 0.00207	 0.34980
1.40000	 0.02048	 0.36611
1.45000	 0.01288	 0.38403
1.50000	 -0.00157	 0.35566
1.55000	 -0.01324	 0.42586
1.60000	 0.00719	 0.39044
1.65000	 -0.00176	 0.41772
1.70000	 0.03093	 0.44716
1.75000	 -0.00133	 0.39480
1.80000	 0.00818	 0.41760
1.85000	 -0.02563	 0.37714
1.90000	 -0.00602	 0.41980
1.95000	 0.00255	 0.43570
2.00000	 0.00745	 0.39027
2.05000	 -0.01538	 0.42716
2.10000	 0.01488	 0.36712
2.15000	 -0.00930	 0.36285
2.20000	 0.00568	 0.37621
2.25000	 -0.01027	 0.35878
2.30000	 0.00178	 0.41555
2.35000	 0.03426	 0.44162
2.40000	 0.00216	 0.47308
2.45000	 -0.01024	 0.38250
2.50000	 -0.04245	 0.37691
2.55000	 -0.01370	 0.36591
2.60000	 -0.03431	 0.35650
2.65000	 -0.00316	 0.42796
2.70000	 0.03972	 0.41931
2.75000	 0.00588	 0.43570
2.80000	 -0.03491	 0.35292
2.85000	 0.01750	 0.37760
2.90000	 -0.01823	 0.39316
2.95000	 0.02894	 0.35788
3.00000	 -0.01179	 0.39073
3.05000	 0.01953	 0.42947
3.10000	 -0.02339	 0.40727
3.15000	 0.02242	 0.40718
3.20000	 0.05281	 0.40753
3.25000	 -0.01172	 0.44023
3.30000	 0.00565	 0.42701
3.35000	 0.02570	 0.37223
3.40000	 -0.00275	 0.43446
3.45000	 0.02007	 0.38709
3.50000	 0.00147	 0.41850
3.55000	 -0.03848	 0.39396
3.60000	 -0.00602	 0.45111
3.65000	 -0.05405	 0.40672
3.70000	 -0.02984	 0.36989
3.75000	 -0.01227	 0.39463
3.80000	 0.00005	 0.36244
3.85000	 -0.01834	 0.39119
3.90000	 0.00661	 0.37027
3.95000	 0.02668	 0.36628
4.00000	 0.01553	 0.43460
4.05000	 0.01317	 0.38663
4.10000	 -0.00661	 0.44211
4.15000	 0.01409	 0.44852
4.20000	 0.01386	 0.41726
4.25000	 -0.00658	 0.44237
4.30000	 -0.01953	 0.36709
4.35000	 0.00883	 0.41731
4.40000	 -0.01945	 0.41780
4.45000	 0.00661	 0.40586
4.50000	 -0.01051	 0.47013
4.55000	 -0.00677	 0.41512
4.60000	 -0.02631	 0.44759
4.65000	 0.00598	 0.43481
4.70000	 0.00378	 0.41356
4.75000	 -0.02921	 0.34801
4.80000	 0.03130	 0.38643
4.85000	 0.00115	 0.36677
4.90000	 -0.01383	 0.30299
4.95000	 -0.01561	 0.37379
5.00000	 -0.03158	 0.36158
5.05000	 -0.00599	 0.40698
5.10000	 0.01350	 0.45628
5.15000	 -0.02651	 0.44704
5.20000	 -0.04121	 0.47187
5.25000	 -0.02668	 0.44528
5.30000	 -0.01407	 0.43177
5.35000	 -0.00925	 0.41593
5.40000	 -0.00675	 0.35052
5.45000	 0.02701	 0.41394
5.50000	 -0.00174	 0.42840
5.55000	 -0.02947	 0.38476
5.60000	 0.00637	 0.42271
5.65000	 -0.03478	 0.38888
5.70000	 -0.00050	 0.37979
5.75000	 0.02364	 0.42664
5.80000	 0.01184	 0.38175
5.85000	 0.01859	 0.42947
5.90000	 -0.04563	 0.40456
5.95000	 0.00526	 0.39154
6.00000	 -0.01694	 0.37405
6.05000	 -0.03738	 0.41298
6.10000	 -0.00665	 0.43818
6.15000	 -0.01904	 0.37869
6.20000	 0.00477	 0.43934
6.25000	 -0.00668	 0.41475
6.30000	 -0.03741	 0.46032
6.35000	 -0.01614	 0.42854
6.40000	 -0.01102	 0.41870
6.45000	 0.01099	 0.46217
6.50000	 -0.03288	 0.37968
6.55000	 -0.02290	 0.43518
6.60000	 -0.01776	 0.39411
6.65000	 -0.02984	 0.34149
6.70000	 0.02428	 0.39575
6.75000	 0.01451	 0.37214
6.80000	 0.00971	 0.40415
6.85000	 -0.00691	 0.37428
6.90000	 -0.01907	 0.39330
6.95000	 -0.02738	 0.46491
7.00000	 -0.02730	 0.39041
7.05000	 -0.00877	 0.40453
7.10000	 0.01415	 0.40917
7.15000	 0.00728	 0.45605
7.20000	 0.00970	 0.41957
7.25000	 -0.01494	 0.42514
7.30000	 0.01544	 0.44774
7.35000	 0.00762	 0.37396
7.40000	 -0.02977	 0.39748
7.45000	 -0.04434	 0.34796
7.50000	 -0.02183	 0.39186
7.55000	 0.00190	 0.44121
7.60000	 -0.00482	 0.42892
7.65000	 -0.02730	 0.51819
7.70000	 -0.08703	 0.41870
7.75000	 -0.05340	 0.47865
7.80000	 0.01142	 0.50647
7.85000	 -0.00483	 0.38556
7.90000	 -0.00669	 0.39509
7.95000	 -0.01783	 0.35578
8.00000	 -0.05639	 0.30446
8.05000	 0.00390	 0.31566
8.10000	 0.00098	 0.29808
8.15000	 -0.02494	 0.39437
8.20000	 -0.01565	 0.41942
8.25000	 0.01063	 0.42542
8.30000	 -0.02274	 0.43662
8.35000	 -0.02938	 0.41192
8.40000	 0.02490	 0.38649
8.45000	 -0.00043	 0.34992
8.50000	 0.01603	 0.44153
8.55000	 -0.00272	 0.39238
8.60000	 0.02479	 0.42245
8.65000	 0.01426	 0.39688
8.70000	 0.01600	 0.37572
8.75000	 0.03940	 0.44514
8.80000	 0.00584	 0.39085
8.85000	 -0.01066	 0.37364
8.90000	 -0.06753	 0.36914
8.95000	 -0.03651	 0.35702
9.00000	 -0.03617	 0.44794
9.05000	 0.01562	 0.44482
9.10000	 0.01902	 0.44909
9.15000	 0.00002	 0.41734
9.20000	 -0.01144	 0.37526
9.25000	 -0.02116	 0.44352
9.30000	 -0.02074	 0.39951
9.35000	 0.01618	 0.44759
9.40000	 0.03944	 0.45986
9.45000	 0.00040	 0.39518
9.50000	 -0.02927	 0.36484
9.55000	 0.01905	 0.36080
9.60000	 0.04653	 0.38894
9.65000	 0.01075	 0.41558
9.70000	 0.02687	 0.45536
9.75000	 0.02825	 0.42568
9.80000	 0.00575	 0.37338
9.85000	 0.00129	 0.44450
9.90000	 -0.01305	 0.39033
9.95000	 0.01745	 0.38383
