
Automatic Data Collection:
Thu Feb 21 16:03:12 2019
Data points are recorded 50.000000 ms apart

time (s)	Lift (N)	Drag (N)
0.00000	 0.00890	 0.36989
0.05000	 0.02266	 0.37220
0.10000	 -0.02433	 0.38643
0.15000	 0.00690	 0.45328
0.20000	 -0.00321	 0.44661
0.25000	 0.01334	 0.43812
0.30000	 0.00051	 0.41573
0.35000	 0.00316	 0.51548
0.40000	 -0.00830	 0.44727
0.45000	 0.04675	 0.38637
0.50000	 0.01067	 0.35003
0.55000	 -0.03942	 0.53903
0.60000	 -0.00993	 0.39362
0.65000	 0.00236	 0.34726
0.70000	 0.01330	 0.44300
0.75000	 0.01047	 0.39001
0.80000	 -0.03646	 0.44869
0.85000	 -0.04617	 0.42069
0.90000	 -0.01216	 0.40926
0.95000	 0.03348	 0.45902
1.00000	 0.04585	 0.47683
1.05000	 0.03356	 0.52468
1.10000	 -0.01797	 0.47839
1.15000	 -0.00738	 0.39246
1.20000	 -0.00188	 0.44164
1.25000	 -0.00609	 0.32957
1.30000	 0.02439	 0.42346
1.35000	 0.00322	 0.53542
1.40000	 -0.01562	 0.48272
1.45000	 -0.00304	 0.47865
1.50000	 0.02557	 0.36868
1.55000	 0.04246	 0.39272
1.60000	 0.02205	 0.50055
1.65000	 0.00205	 0.43327
1.70000	 -0.01652	 0.44003
1.75000	 -0.04801	 0.49403
1.80000	 -0.05600	 0.38499
1.85000	 -0.00115	 0.39699
1.90000	 -0.00813	 0.41552
1.95000	 0.03287	 0.32688
2.00000	 0.03089	 0.44525
2.05000	 0.05975	 0.44208
2.10000	 0.02210	 0.56763
2.15000	 -0.02650	 0.43226
2.20000	 0.01997	 0.37667
2.25000	 -0.04038	 0.36334
2.30000	 -0.06532	 0.42003
2.35000	 -0.05161	 0.51063
2.40000	 -0.04430	 0.37200
2.45000	 0.00606	 0.51646
2.50000	 -0.00468	 0.44075
2.55000	 0.01140	 0.40115
2.60000	 0.01222	 0.39266
2.65000	 -0.00358	 0.46575
2.70000	 -0.02058	 0.47712
2.75000	 0.03394	 0.43841
2.80000	 -0.00157	 0.41405
2.85000	 -0.00343	 0.41749
2.90000	 0.03205	 0.46652
2.95000	 -0.01757	 0.40253
3.00000	 0.00014	 0.43186
3.05000	 0.00064	 0.40759
3.10000	 0.04606	 0.34914
3.15000	 -0.05950	 0.50177
3.20000	 -0.03894	 0.41896
3.25000	 -0.00408	 0.39122
3.30000	 -0.00881	 0.42366
3.35000	 -0.00296	 0.46520
3.40000	 0.00073	 0.46629
3.45000	 -0.03998	 0.47668
3.50000	 -0.02680	 0.50777
3.55000	 0.01036	 0.30535
3.60000	 0.00603	 0.31237
3.65000	 0.02221	 0.51527
3.70000	 -0.01227	 0.49224
3.75000	 -0.03199	 0.45261
3.80000	 -0.02374	 0.42981
3.85000	 0.00861	 0.36787
3.90000	 -0.06592	 0.34178
3.95000	 -0.05511	 0.35018
4.00000	 -0.06634	 0.46699
4.05000	 -0.03895	 0.46433
4.10000	 0.01013	 0.37754
4.15000	 0.00552	 0.37110
4.20000	 0.00991	 0.45625
4.25000	 -0.02252	 0.41954
4.30000	 0.00675	 0.52414
4.35000	 -0.02154	 0.39948
4.40000	 -0.01712	 0.34342
4.45000	 -0.00658	 0.36876
4.50000	 0.02013	 0.40204
4.55000	 -0.01131	 0.48705
4.60000	 -0.03188	 0.40080
4.65000	 -0.01185	 0.45354
4.70000	 -0.01562	 0.41659
4.75000	 -0.02481	 0.39694
4.80000	 -0.00518	 0.49519
4.85000	 -0.03171	 0.39627
4.90000	 0.00188	 0.49077
4.95000	 -0.03596	 0.45784
5.00000	 -0.01876	 0.43353
5.05000	 0.00448	 0.37263
5.10000	 0.01791	 0.35315
5.15000	 -0.02351	 0.43622
5.20000	 -0.02230	 0.46944
5.25000	 -0.04480	 0.43209
5.30000	 0.01332	 0.50555
5.35000	 0.00527	 0.51932
5.40000	 0.02914	 0.39561
5.45000	 0.01149	 0.35511
5.50000	 0.02525	 0.40438
5.55000	 0.00157	 0.49493
5.60000	 -0.04117	 0.53831
5.65000	 0.01309	 0.38126
5.70000	 0.01183	 0.40303
5.75000	 0.00293	 0.29360
5.80000	 0.00352	 0.42589
5.85000	 0.02698	 0.46202
5.90000	 -0.00406	 0.49778
5.95000	 -0.03125	 0.44929
6.00000	 -0.02932	 0.34821
6.05000	 0.02191	 0.36533
6.10000	 0.03809	 0.39624
6.15000	 0.01073	 0.41356
6.20000	 -0.00667	 0.57274
6.25000	 0.00498	 0.52440
6.30000	 -0.02495	 0.41512
6.35000	 -0.04958	 0.32905
6.40000	 -0.03334	 0.36262
6.45000	 0.00264	 0.48621
6.50000	 -0.01014	 0.48768
6.55000	 -0.00102	 0.37038
6.60000	 0.01380	 0.41229
6.65000	 -0.00177	 0.40054
6.70000	 0.00064	 0.47186
6.75000	 0.04908	 0.39004
6.80000	 0.02673	 0.37379
6.85000	 0.00140	 0.40877
6.90000	 -0.04108	 0.41402
6.95000	 0.00462	 0.44961
7.00000	 0.02058	 0.44563
7.05000	 -0.02492	 0.47120
7.10000	 -0.01559	 0.47158
7.15000	 -0.06419	 0.46863
7.20000	 -0.01081	 0.40467
7.25000	 -0.01920	 0.38377
7.30000	 -0.00870	 0.42389
7.35000	 -0.00081	 0.50194
7.40000	 0.00285	 0.47287
7.45000	 0.01058	 0.41041
7.50000	 0.01941	 0.38331
7.55000	 0.03809	 0.44193
7.60000	 -0.01207	 0.44724
7.65000	 -0.00012	 0.37892
7.70000	 -0.10233	 0.37913
7.75000	 -0.02041	 0.47767
7.80000	 -0.01610	 0.51328
7.85000	 -0.05251	 0.42436
7.90000	 -0.09988	 0.45276
7.95000	 -0.05131	 0.35979
8.00000	 -0.00411	 0.41985
8.05000	 0.03156	 0.47005
8.10000	 -0.04953	 0.39942
8.15000	 0.01279	 0.40672
8.20000	 0.00344	 0.39991
8.25000	 0.01022	 0.46006
8.30000	 0.00878	 0.48338
8.35000	 -0.01935	 0.56013
8.40000	 -0.03562	 0.47054
8.45000	 -0.06442	 0.37543
8.50000	 0.02614	 0.33794
8.55000	 0.03819	 0.43483
8.60000	 -0.04860	 0.50165
8.65000	 -0.05977	 0.41624
8.70000	 -0.03984	 0.42952
8.75000	 0.07099	 0.43734
8.80000	 0.03305	 0.37133
8.85000	 0.01054	 0.31782
8.90000	 -0.02394	 0.46970
8.95000	 -0.01380	 0.56342
9.00000	 -0.01374	 0.47735
9.05000	 -0.02332	 0.46217
9.10000	 -0.03280	 0.37234
9.15000	 -0.01974	 0.43671
9.20000	 -0.07636	 0.51727
9.25000	 0.02469	 0.32460
9.30000	 0.04678	 0.35930
9.35000	 -0.00330	 0.50679
9.40000	 -0.03427	 0.50439
9.45000	 -0.06927	 0.36169
9.50000	 -0.03967	 0.34097
9.55000	 -0.03457	 0.41506
9.60000	 0.01292	 0.36949
9.65000	 0.01208	 0.49692
9.70000	 -0.01352	 0.43991
9.75000	 0.02337	 0.35910
9.80000	 0.03438	 0.44583
9.85000	 -0.02162	 0.45821
9.90000	 -0.04561	 0.56723
9.95000	 -0.04206	 0.48249
