
Automatic Data Collection:
Thu Feb 21 16:03:37 2019
Data points are recorded 50.000000 ms apart

time (s)	Lift (N)	Drag (N)
0.00000	 -0.01476	 0.51504
0.05000	 -0.01174	 0.42626
0.10000	 -0.05846	 0.41512
0.15000	 -0.01456	 0.49392
0.20000	 -0.01386	 0.51302
0.25000	 -0.01283	 0.48465
0.30000	 0.05454	 0.30954
0.35000	 0.05367	 0.32051
0.40000	 -0.02272	 0.37586
0.45000	 0.00150	 0.49097
0.50000	 -0.06530	 0.52584
0.55000	 -0.03626	 0.46543
0.60000	 -0.03041	 0.43723
0.65000	 0.02362	 0.45859
0.70000	 0.07282	 0.45876
0.75000	 0.03156	 0.45400
0.80000	 -0.00803	 0.58778
0.85000	 -0.00569	 0.51692
0.90000	 0.01993	 0.43097
0.95000	 0.02373	 0.47163
1.00000	 0.03075	 0.47845
1.05000	 -0.04389	 0.40787
1.10000	 -0.05674	 0.39968
1.15000	 -0.02000	 0.36490
1.20000	 0.01496	 0.39243
1.25000	 -0.00203	 0.43902
1.30000	 -0.05147	 0.40170
1.35000	 0.00871	 0.45966
1.40000	 0.00493	 0.53305
1.45000	 -0.02087	 0.41007
1.50000	 -0.00547	 0.39864
1.55000	 -0.05228	 0.37332
1.60000	 -0.06871	 0.37598
1.65000	 0.02351	 0.45313
1.70000	 -0.03070	 0.50180
1.75000	 -0.04179	 0.49741
1.80000	 -0.02641	 0.35921
1.85000	 0.03926	 0.36966
1.90000	 0.02022	 0.47354
1.95000	 0.01058	 0.43226
2.00000	 -0.01084	 0.42612
2.05000	 -0.01304	 0.53992
2.10000	 0.00656	 0.50168
2.15000	 -0.00090	 0.48009
2.20000	 -0.00333	 0.47259
2.25000	 0.01803	 0.44156
2.30000	 -0.01100	 0.50457
2.35000	 0.02549	 0.51758
2.40000	 -0.03759	 0.42649
2.45000	 -0.01459	 0.38516
2.50000	 -0.00414	 0.48078
2.55000	 -0.02653	 0.53248
2.60000	 -0.03043	 0.49905
2.65000	 0.00236	 0.37234
2.70000	 0.03841	 0.33730
2.75000	 0.01228	 0.39541
2.80000	 0.04102	 0.44470
2.85000	 -0.03629	 0.54342
2.90000	 -0.02014	 0.43636
2.95000	 -0.01928	 0.40031
3.00000	 0.04387	 0.52945
3.05000	 0.04652	 0.41500
3.10000	 0.02970	 0.42817
3.15000	 -0.01317	 0.50122
3.20000	 -0.07036	 0.47279
3.25000	 -0.08904	 0.43561
3.30000	 -0.05663	 0.32576
3.35000	 -0.02005	 0.38727
3.40000	 0.00718	 0.44929
3.45000	 -0.02205	 0.47654
3.50000	 -0.05466	 0.41171
3.55000	 0.03306	 0.42228
3.60000	 -0.01084	 0.40467
3.65000	 -0.01836	 0.42747
3.70000	 -0.02014	 0.49438
3.75000	 -0.09464	 0.34469
3.80000	 0.04866	 0.40011
3.85000	 -0.01269	 0.50468
3.90000	 -0.04609	 0.50214
3.95000	 -0.02999	 0.45397
4.00000	 0.01693	 0.37826
4.05000	 0.01769	 0.44955
4.10000	 0.01890	 0.48269
4.15000	 -0.00237	 0.44771
4.20000	 0.00454	 0.49646
4.25000	 0.01954	 0.47019
4.30000	 -0.00164	 0.48927
4.35000	 -0.03106	 0.49781
4.40000	 0.00161	 0.40314
4.45000	 0.01014	 0.37468
4.50000	 -0.00974	 0.40603
4.55000	 0.02280	 0.37760
4.60000	 0.00422	 0.38810
4.65000	 0.02210	 0.51299
4.70000	 -0.03781	 0.49876
4.75000	 -0.07265	 0.53776
4.80000	 -0.01853	 0.40926
4.85000	 0.05741	 0.34059
4.90000	 -0.00205	 0.36813
4.95000	 0.00014	 0.52549
5.00000	 -0.03291	 0.55796
5.05000	 0.00405	 0.53877
5.10000	 -0.04353	 0.43674
5.15000	 0.01455	 0.38594
5.20000	 -0.00506	 0.43036
5.25000	 0.03745	 0.45963
5.30000	 0.02110	 0.48012
5.35000	 0.02028	 0.45966
5.40000	 -0.00758	 0.49493
5.45000	 -0.02962	 0.44990
5.50000	 -0.00115	 0.35257
5.55000	 0.03590	 0.47648
5.60000	 0.04548	 0.51565
5.65000	 -0.02633	 0.47348
5.70000	 0.02169	 0.62175
5.75000	 0.00662	 0.51770
5.80000	 0.01926	 0.39434
5.85000	 0.02571	 0.39186
5.90000	 0.03726	 0.44072
5.95000	 0.01968	 0.54411
6.00000	 0.01312	 0.51271
6.05000	 0.02712	 0.47706
6.10000	 0.01628	 0.50942
6.15000	 0.02202	 0.42225
6.20000	 0.01937	 0.42124
6.25000	 -0.00532	 0.53291
6.30000	 -0.01200	 0.41910
6.35000	 -0.01321	 0.37266
6.40000	 -0.00597	 0.42436
6.45000	 0.00805	 0.45735
6.50000	 0.01459	 0.45919
6.55000	 -0.02112	 0.43870
6.60000	 -0.00039	 0.44739
6.65000	 -0.04015	 0.42303
6.70000	 -0.03215	 0.56235
6.75000	 -0.04162	 0.46479
6.80000	 0.00949	 0.49250
6.85000	 0.01405	 0.47256
6.90000	 -0.00135	 0.48644
6.95000	 -0.00775	 0.48090
7.00000	 0.00098	 0.38470
7.05000	 -0.02325	 0.38513
7.10000	 -0.03855	 0.35136
7.15000	 -0.02625	 0.47772
7.20000	 0.02811	 0.55251
7.25000	 0.00239	 0.44014
7.30000	 -0.01932	 0.49827
7.35000	 0.01478	 0.48032
7.40000	 -0.01479	 0.50439
7.45000	 -0.01773	 0.41194
7.50000	 0.01334	 0.43919
7.55000	 -0.01952	 0.46482
7.60000	 -0.04646	 0.55401
7.65000	 -0.04378	 0.39165
7.70000	 0.05869	 0.41792
7.75000	 0.03337	 0.43348
7.80000	 -0.00169	 0.48962
7.85000	 -0.01360	 0.47997
7.90000	 0.02056	 0.53467
7.95000	 -0.02373	 0.43682
8.00000	 0.01686	 0.43830
8.05000	 -0.00844	 0.39373
8.10000	 0.01746	 0.40245
8.15000	 0.02990	 0.43001
8.20000	 0.02014	 0.44655
8.25000	 0.00654	 0.57926
8.30000	 0.00958	 0.57736
8.35000	 0.03878	 0.46165
8.40000	 -0.00819	 0.46286
8.45000	 -0.00341	 0.37335
8.50000	 0.06645	 0.43376
8.55000	 0.02154	 0.54907
8.60000	 0.00589	 0.53190
8.65000	 0.03556	 0.46993
8.70000	 -0.00622	 0.42450
8.75000	 -0.04362	 0.36429
8.80000	 0.00671	 0.43760
8.85000	 -0.01464	 0.49634
8.90000	 -0.00709	 0.55225
8.95000	 -0.01284	 0.49706
9.00000	 -0.02148	 0.39578
9.05000	 -0.02036	 0.36928
9.10000	 0.01030	 0.37734
9.15000	 -0.01224	 0.47827
9.20000	 0.00772	 0.59652
9.25000	 -0.03412	 0.46546
9.30000	 0.00285	 0.40551
9.35000	 0.03501	 0.42037
9.40000	 0.00222	 0.44701
9.45000	 -0.00774	 0.45385
9.50000	 -0.04831	 0.44239
9.55000	 -0.05702	 0.41939
9.60000	 -0.04700	 0.40660
9.65000	 -0.00149	 0.33797
9.70000	 0.03061	 0.49654
9.75000	 0.02602	 0.60954
9.80000	 0.00738	 0.50410
9.85000	 -0.02066	 0.41850
9.90000	 0.05342	 0.38842
9.95000	 0.02242	 0.47186
