
Automatic Data Collection:
Thu Feb 21 16:52:42 2019
Data points are recorded 50.000000 ms apart

time (s)	Lift (N)	Drag (N)
0.00000	 0.00346	 0.03891
0.05000	 -0.00068	 0.04007
0.10000	 -0.00101	 0.04824
0.15000	 0.00381	 0.03637
0.20000	 0.00231	 0.03101
0.25000	 -0.00057	 0.03594
0.30000	 -0.00061	 0.04082
0.35000	 0.00600	 0.03479
0.40000	 0.00429	 0.03467
0.45000	 0.00090	 0.03785
0.50000	 -0.00002	 0.04316
0.55000	 0.00481	 0.03435
0.60000	 0.00366	 0.03435
0.65000	 -0.00115	 0.03984
0.70000	 0.00022	 0.04342
0.75000	 0.00081	 0.03707
0.80000	 0.00226	 0.02858
0.85000	 0.00056	 0.03779
0.90000	 0.00434	 0.03661
0.95000	 0.00211	 0.02939
1.00000	 0.00042	 0.03689
1.05000	 -0.00259	 0.03972
1.10000	 -0.00244	 0.03874
1.15000	 0.00025	 0.02835
1.20000	 0.00077	 0.03643
1.25000	 -0.00154	 0.03297
1.30000	 0.00188	 0.03597
1.35000	 0.00220	 0.02647
1.40000	 0.00039	 0.03528
1.45000	 -0.00484	 0.03750
1.50000	 -0.00290	 0.04036
1.55000	 0.00088	 0.02852
1.60000	 -0.00045	 0.03005
1.65000	 -0.00200	 0.03395
1.70000	 0.00017	 0.03782
1.75000	 0.00442	 0.02601
1.80000	 0.00243	 0.03583
1.85000	 0.00048	 0.03779
1.90000	 0.00336	 0.04275
1.95000	 0.00262	 0.03236
2.00000	 0.00206	 0.03407
2.05000	 0.00133	 0.03565
2.10000	 0.00448	 0.03207
2.15000	 0.00464	 0.03421
2.20000	 0.00023	 0.03418
2.25000	 -0.00023	 0.03915
2.30000	 0.00474	 0.02971
2.35000	 0.00355	 0.03066
2.40000	 0.00161	 0.03819
2.45000	 -0.00017	 0.04134
2.50000	 0.00291	 0.03695
2.55000	 0.00203	 0.03155
2.60000	 -0.00177	 0.03707
2.65000	 -0.00436	 0.03799
2.70000	 -0.00017	 0.03349
2.75000	 0.00350	 0.02939
2.80000	 0.00005	 0.03831
2.85000	 -0.00293	 0.04073
2.90000	 0.00172	 0.04131
2.95000	 0.00293	 0.03049
3.00000	 0.00124	 0.03767
3.05000	 -0.00098	 0.03704
3.10000	 0.00332	 0.03871
3.15000	 0.00031	 0.03121
3.20000	 -0.00206	 0.04068
3.25000	 -0.00048	 0.04108
3.30000	 0.00287	 0.03141
3.35000	 0.00009	 0.03583
3.40000	 -0.00349	 0.03560
3.45000	 0.00039	 0.04310
3.50000	 0.00386	 0.03228
3.55000	 0.00279	 0.04096
3.60000	 0.00031	 0.04498
3.65000	 0.00045	 0.04578
3.70000	 0.00422	 0.03464
3.75000	 0.00377	 0.03213
3.80000	 -0.00146	 0.03383
3.85000	 -0.00149	 0.04382
3.90000	 0.00112	 0.03782
3.95000	 0.00236	 0.03967
4.00000	 -0.00022	 0.04082
4.05000	 -0.00005	 0.04457
4.10000	 0.00411	 0.03652
4.15000	 0.00256	 0.03482
4.20000	 -0.00282	 0.03860
4.25000	 -0.00290	 0.03848
4.30000	 0.00260	 0.03802
4.35000	 -0.00062	 0.03588
4.40000	 -0.00239	 0.04379
4.45000	 0.00082	 0.04443
4.50000	 0.00254	 0.02711
4.55000	 -0.00014	 0.03453
4.60000	 -0.00340	 0.03845
4.65000	 0.00119	 0.03987
4.70000	 0.00343	 0.03066
4.75000	 0.00155	 0.04007
4.80000	 -0.00195	 0.04200
4.85000	 0.00233	 0.04013
4.90000	 0.00326	 0.03401
4.95000	 0.00226	 0.03646
5.00000	 -0.00301	 0.03508
5.05000	 0.00014	 0.03776
5.10000	 0.00354	 0.03115
5.15000	 0.00215	 0.03955
5.20000	 -0.00112	 0.04131
5.25000	 0.00023	 0.04449
5.30000	 0.00332	 0.02867
5.35000	 0.00172	 0.03080
5.40000	 -0.00203	 0.03773
5.45000	 -0.00234	 0.04619
5.50000	 0.00296	 0.03623
5.55000	 -0.00064	 0.03508
5.60000	 -0.00076	 0.03444
5.65000	 0.00017	 0.04059
5.70000	 0.00026	 0.03300
5.75000	 -0.00138	 0.03678
5.80000	 -0.00137	 0.04633
5.85000	 0.00411	 0.03560
5.90000	 0.00260	 0.03262
5.95000	 -0.00012	 0.03658
6.00000	 -0.00039	 0.03759
6.05000	 0.00332	 0.03236
6.10000	 0.00287	 0.03046
6.15000	 0.00034	 0.03643
6.20000	 -0.00262	 0.04457
6.25000	 0.00153	 0.03848
6.30000	 0.00281	 0.03155
6.35000	 0.00130	 0.03805
6.40000	 0.00053	 0.03747
6.45000	 0.00484	 0.03724
6.50000	 0.00502	 0.02971
6.55000	 0.00012	 0.03505
6.60000	 -0.00302	 0.04085
6.65000	 0.00084	 0.03819
6.70000	 -0.00144	 0.02731
6.75000	 -0.00535	 0.03655
6.80000	 0.00082	 0.03609
6.85000	 0.00363	 0.04114
6.90000	 -0.00085	 0.03978
6.95000	 -0.00479	 0.03805
7.00000	 -0.00202	 0.03961
7.05000	 0.00160	 0.02621
7.10000	 0.00295	 0.03580
7.15000	 0.00039	 0.03990
7.20000	 0.00091	 0.04330
7.25000	 0.00282	 0.03066
7.30000	 0.00115	 0.03562
7.35000	 -0.00068	 0.03548
7.40000	 -0.00262	 0.04423
7.45000	 0.00090	 0.03083
7.50000	 0.00022	 0.03389
7.55000	 -0.00211	 0.03785
7.60000	 -0.00073	 0.04342
7.65000	 0.00437	 0.03245
7.70000	 0.00146	 0.03661
7.75000	 -0.00299	 0.03978
7.80000	 -0.00484	 0.04515
7.85000	 0.00014	 0.03320
7.90000	 -0.00309	 0.03150
7.95000	 -0.00366	 0.03609
8.00000	 0.00028	 0.04007
8.05000	 0.00344	 0.03277
8.10000	 -0.00137	 0.04154
8.15000	 -0.00247	 0.04723
8.20000	 0.00347	 0.04117
8.25000	 0.00498	 0.03222
8.30000	 -0.00014	 0.03568
8.35000	 -0.00163	 0.03816
8.40000	 0.00476	 0.03793
8.45000	 0.00175	 0.03228
8.50000	 -0.00284	 0.04218
8.55000	 -0.00380	 0.04134
8.60000	 -0.00008	 0.03900
8.65000	 0.00305	 0.02870
8.70000	 -0.00045	 0.03756
8.75000	 -0.00248	 0.03863
8.80000	 -0.00045	 0.03661
8.85000	 0.00056	 0.02965
8.90000	 -0.00219	 0.03655
8.95000	 -0.00642	 0.04137
9.00000	 -0.00025	 0.04373
9.05000	 0.00361	 0.03254
9.10000	 0.00037	 0.03574
9.15000	 0.00222	 0.03490
9.20000	 0.00577	 0.04169
9.25000	 0.00381	 0.03326
9.30000	 -0.00268	 0.04102
9.35000	 -0.00043	 0.04428
9.40000	 0.00270	 0.03210
9.45000	 0.00282	 0.03372
9.50000	 -0.00065	 0.03516
9.55000	 0.00234	 0.04322
9.60000	 0.00354	 0.02959
9.65000	 0.00163	 0.03661
9.70000	 -0.00168	 0.03952
9.75000	 -0.00130	 0.04879
9.80000	 0.00340	 0.03588
9.85000	 0.00161	 0.03242
9.90000	 -0.00115	 0.03150
9.95000	 -0.00157	 0.03926
