
Automatic Data Collection:
Tue Feb 26 11:50:24 2019
Data points are recorded 50.000000 ms apart

time (s)	Lift (N)	Drag (N)
0.00000	 -0.00009	 0.07168
0.05000	 -0.00466	 0.06579
0.10000	 -0.00986	 0.07479
0.15000	 -0.00852	 0.06703
0.20000	 -0.00092	 0.07370
0.25000	 -0.00266	 0.06613
0.30000	 -0.01063	 0.07269
0.35000	 -0.00313	 0.06426
0.40000	 -0.00142	 0.07069
0.45000	 -0.00942	 0.06475
0.50000	 -0.00865	 0.07075
0.55000	 -0.00399	 0.06986
0.60000	 0.00022	 0.06651
0.65000	 -0.00703	 0.06636
0.70000	 -0.00872	 0.06980
0.75000	 -0.00232	 0.06888
0.80000	 0.00057	 0.06968
0.85000	 -0.00795	 0.06914
0.90000	 -0.01001	 0.06902
0.95000	 -0.00354	 0.06896
1.00000	 0.00057	 0.07061
1.05000	 -0.00584	 0.06587
1.10000	 -0.01072	 0.07061
1.15000	 -0.00754	 0.07061
1.20000	 0.00058	 0.07133
1.25000	 -0.00342	 0.06740
1.30000	 -0.00941	 0.07237
1.35000	 -0.00708	 0.06919
1.40000	 0.00004	 0.06963
1.45000	 -0.00012	 0.06738
1.50000	 -0.00914	 0.07165
1.55000	 -0.00482	 0.07170
1.60000	 0.00055	 0.06810
1.65000	 -0.00634	 0.07234
1.70000	 -0.00803	 0.07049
1.75000	 -0.01507	 0.08114
1.80000	 0.00624	 0.07629
1.85000	 -0.00824	 0.07823
1.90000	 -0.01227	 0.06738
1.95000	 -0.01193	 0.07583
2.00000	 0.00171	 0.06792
2.05000	 -0.00337	 0.07621
2.10000	 -0.00793	 0.07364
2.15000	 -0.01186	 0.08403
2.20000	 0.00112	 0.07220
2.25000	 -0.00599	 0.08417
2.30000	 -0.00739	 0.07188
2.35000	 -0.01458	 0.08273
2.40000	 -0.00058	 0.06743
2.45000	 -0.00308	 0.08438
2.50000	 -0.00663	 0.06639
2.55000	 -0.01527	 0.09023
2.60000	 -0.00348	 0.07142
2.65000	 -0.00302	 0.09133
2.70000	 -0.00595	 0.06613
2.75000	 -0.00658	 0.08995
2.80000	 -0.00437	 0.06564
2.85000	 -0.00148	 0.08663
2.90000	 -0.01597	 0.06423
2.95000	 -0.00509	 0.06778
3.00000	 -0.00468	 0.08977
3.05000	 0.00167	 0.06700
3.10000	 -0.01378	 0.08703
3.15000	 -0.00420	 0.06983
3.20000	 -0.00793	 0.08596
3.25000	 0.00150	 0.06902
3.30000	 -0.01274	 0.08299
3.35000	 -0.00686	 0.07217
3.40000	 -0.00882	 0.08126
3.45000	 -0.00067	 0.07387
3.50000	 -0.01046	 0.07875
3.55000	 -0.00964	 0.07745
3.60000	 -0.00519	 0.07762
3.65000	 0.00071	 0.07707
3.70000	 -0.00697	 0.07514
3.75000	 -0.00848	 0.07912
3.80000	 -0.00525	 0.07364
3.85000	 0.00044	 0.07970
3.90000	 -0.00440	 0.07289
3.95000	 -0.00677	 0.08068
4.00000	 -0.00012	 0.07269
4.05000	 -0.00131	 0.08354
4.10000	 -0.00947	 0.07101
4.15000	 -0.00785	 0.07372
4.20000	 -0.00269	 0.08111
4.25000	 -0.00032	 0.06971
4.30000	 -0.00917	 0.08259
4.35000	 -0.00768	 0.07390
4.40000	 -0.00297	 0.08039
4.45000	 0.00449	 0.07303
4.50000	 -0.00669	 0.08256
4.55000	 -0.00596	 0.07323
4.60000	 -0.00295	 0.08181
4.65000	 0.00294	 0.07430
4.70000	 -0.00576	 0.07820
4.75000	 -0.00731	 0.07335
4.80000	 -0.00741	 0.08036
4.85000	 0.00367	 0.07595
4.90000	 -0.00257	 0.07603
4.95000	 -0.00691	 0.07517
5.00000	 -0.00627	 0.07846
5.05000	 0.00292	 0.07459
5.10000	 -0.00261	 0.07733
5.15000	 -0.00919	 0.07476
5.20000	 0.00109	 0.07777
5.25000	 -0.00041	 0.07240
5.30000	 -0.00443	 0.07935
5.35000	 -0.01065	 0.08013
5.40000	 -0.00007	 0.07306
5.45000	 -0.00119	 0.07829
5.50000	 -0.00455	 0.07430
5.55000	 -0.01122	 0.07699
5.60000	 -0.00313	 0.07355
5.65000	 0.00066	 0.07918
5.70000	 -0.00306	 0.07194
5.75000	 -0.01041	 0.07863
5.80000	 -0.00624	 0.07540
5.85000	 0.00001	 0.07554
5.90000	 -0.00209	 0.07306
5.95000	 -0.00785	 0.07762
6.00000	 -0.00882	 0.07609
6.05000	 -0.00272	 0.07661
6.10000	 -0.00125	 0.07624
6.15000	 -0.00809	 0.07676
6.20000	 -0.00879	 0.07811
6.25000	 -0.00193	 0.07078
6.30000	 0.00047	 0.07751
6.35000	 -0.00816	 0.07023
6.40000	 -0.00320	 0.07878
6.45000	 -0.00026	 0.07352
6.50000	 -0.00511	 0.08097
6.55000	 -0.00908	 0.08025
6.60000	 -0.00466	 0.07199
6.65000	 0.00098	 0.07941
6.70000	 -0.00255	 0.07020
6.75000	 -0.00851	 0.08080
6.80000	 -0.00644	 0.07055
6.85000	 -0.00204	 0.08097
6.90000	 -0.00148	 0.07289
6.95000	 -0.00942	 0.07984
7.00000	 -0.00494	 0.07312
7.05000	 -0.00168	 0.07993
7.10000	 0.00174	 0.07191
7.15000	 -0.00955	 0.07713
7.20000	 -0.00505	 0.07254
7.25000	 -0.00587	 0.07794
7.30000	 0.00308	 0.07104
7.35000	 -0.00458	 0.07771
7.40000	 -0.00733	 0.07716
7.45000	 -0.00756	 0.07678
7.50000	 0.00229	 0.07494
7.55000	 -0.00706	 0.07603
7.60000	 -0.00699	 0.07537
7.65000	 0.00190	 0.07572
7.70000	 -0.00280	 0.07603
7.75000	 -0.00623	 0.07439
7.80000	 -0.00663	 0.07615
7.85000	 -0.00131	 0.07251
7.90000	 -0.00261	 0.07315
7.95000	 -0.00716	 0.07777
8.00000	 -0.00961	 0.07722
8.05000	 -0.00099	 0.07476
8.10000	 0.00007	 0.07554
8.15000	 -0.00416	 0.07427
8.20000	 -0.00810	 0.08031
8.25000	 -0.00182	 0.07217
8.30000	 -0.00277	 0.07739
8.35000	 -0.00474	 0.07153
8.40000	 -0.01015	 0.08074
8.45000	 -0.00071	 0.06801
8.50000	 -0.00063	 0.07904
8.55000	 -0.00024	 0.07081
8.60000	 -0.00754	 0.07690
8.65000	 -0.00311	 0.07543
8.70000	 0.00036	 0.07407
8.75000	 -0.00762	 0.07303
8.80000	 -0.00602	 0.07156
8.85000	 0.00021	 0.07678
8.90000	 -0.00133	 0.07456
8.95000	 -0.00742	 0.07482
9.00000	 -0.00741	 0.07984
9.05000	 0.00066	 0.07003
9.10000	 -0.00049	 0.07829
9.15000	 -0.00443	 0.07020
9.20000	 -0.00914	 0.08045
9.25000	 -0.00187	 0.06628
9.30000	 0.00168	 0.08160
9.35000	 -0.00230	 0.06561
9.40000	 -0.00706	 0.08074
9.45000	 -0.00162	 0.06810
9.50000	 0.00055	 0.08374
9.55000	 -0.00216	 0.06723
9.60000	 -0.00883	 0.08334
9.65000	 -0.00356	 0.06752
9.70000	 0.00033	 0.08166
9.75000	 0.00080	 0.06599
9.80000	 -0.00868	 0.08184
9.85000	 -0.00365	 0.06778
9.90000	 -0.00190	 0.07953
9.95000	 -0.00953	 0.06697
