
Automatic Data Collection:
Tue Feb 26 11:53:42 2019
Data points are recorded 50.000000 ms apart

time (s)	Lift (N)	Drag (N)
0.00000	 0.06556	 0.45830
0.05000	 0.02394	 0.50439
0.10000	 0.04808	 0.52258
0.15000	 0.01834	 0.46938
0.20000	 0.03881	 0.47490
0.25000	 0.00647	 0.51761
0.30000	 0.00562	 0.50084
0.35000	 0.02237	 0.55667
0.40000	 0.04893	 0.48569
0.45000	 0.05514	 0.48159
0.50000	 0.02583	 0.53028
0.55000	 0.02519	 0.50324
0.60000	 0.03293	 0.53337
0.65000	 0.02594	 0.51149
0.70000	 0.03682	 0.51701
0.75000	 -0.01176	 0.48644
0.80000	 0.01567	 0.56489
0.85000	 -0.03291	 0.49828
0.90000	 0.01810	 0.51505
0.95000	 0.01792	 0.44242
1.00000	 -0.00024	 0.49279
1.05000	 0.02929	 0.43564
1.10000	 0.00205	 0.51666
1.15000	 0.02235	 0.51051
1.20000	 0.01775	 0.50771
1.25000	 -0.00714	 0.51773
1.30000	 0.01671	 0.48904
1.35000	 0.04941	 0.52010
1.40000	 0.03174	 0.51432
1.45000	 0.02024	 0.51043
1.50000	 0.01966	 0.46973
1.55000	 0.02336	 0.45186
1.60000	 0.05541	 0.47019
1.65000	 -0.00691	 0.51761
1.70000	 0.04363	 0.49914
1.75000	 0.00623	 0.48341
1.80000	 0.01872	 0.47824
1.85000	 0.02347	 0.48344
1.90000	 -0.00874	 0.48220
1.95000	 -0.01840	 0.48318
2.00000	 -0.00024	 0.51505
2.05000	 -0.00730	 0.43879
2.10000	 0.00736	 0.47273
2.15000	 -0.01386	 0.52671
2.20000	 -0.01910	 0.47386
2.25000	 0.02733	 0.48032
2.30000	 0.00903	 0.48309
2.35000	 0.02688	 0.51479
2.40000	 0.06242	 0.44958
2.45000	 0.07615	 0.47490
2.50000	 0.03108	 0.48396
2.55000	 -0.02530	 0.44419
2.60000	 0.01955	 0.49449
2.65000	 0.01731	 0.48162
2.70000	 0.05320	 0.50047
2.75000	 0.03735	 0.49048
2.80000	 0.03496	 0.47902
2.85000	 0.05703	 0.52662
2.90000	 0.05940	 0.49914
2.95000	 0.00857	 0.44049
3.00000	 0.03167	 0.50006
3.05000	 0.04323	 0.47103
3.10000	 0.03561	 0.50535
3.15000	 0.05340	 0.50699
3.20000	 0.00568	 0.46993
3.25000	 0.03135	 0.49340
3.30000	 -0.00869	 0.46393
3.35000	 -0.00075	 0.48552
3.40000	 0.04704	 0.50330
3.45000	 0.04575	 0.48312
3.50000	 0.07292	 0.47103
3.55000	 0.02746	 0.46999
3.60000	 0.01151	 0.47836
3.65000	 0.03600	 0.46866
3.70000	 0.03591	 0.47123
3.75000	 0.03788	 0.48656
3.80000	 0.02040	 0.49868
3.85000	 0.02386	 0.52538
3.90000	 0.04385	 0.51447
3.95000	 0.01310	 0.45224
4.00000	 0.02197	 0.52844
4.05000	 0.05667	 0.48529
4.10000	 0.03374	 0.49741
4.15000	 0.04596	 0.47354
4.20000	 0.01919	 0.47810
4.25000	 0.04766	 0.52858
4.30000	 0.06114	 0.50116
4.35000	 0.01119	 0.49421
4.40000	 -0.00528	 0.49865
4.45000	 0.04423	 0.46127
4.50000	 0.00917	 0.48861
4.55000	 0.02583	 0.51450
4.60000	 0.04791	 0.48315
4.65000	 0.02454	 0.50766
4.70000	 0.05718	 0.52088
4.75000	 0.04639	 0.55846
4.80000	 0.05028	 0.45030
4.85000	 -0.00689	 0.45553
4.90000	 0.01423	 0.49493
4.95000	 0.01645	 0.45694
5.00000	 0.02634	 0.50916
5.05000	 0.00806	 0.47112
5.10000	 0.01227	 0.47729
5.15000	 0.04468	 0.48254
5.20000	 0.01725	 0.46427
5.25000	 0.04358	 0.50298
5.30000	 0.01148	 0.47331
5.35000	 0.02121	 0.47368
5.40000	 0.03375	 0.46624
5.45000	 0.03291	 0.46246
5.50000	 0.03817	 0.48451
5.55000	 0.03335	 0.50226
5.60000	 0.03553	 0.49230
5.65000	 0.02556	 0.54171
5.70000	 0.05442	 0.45749
5.75000	 0.07999	 0.47752
5.80000	 0.06455	 0.50561
5.85000	 0.04157	 0.46451
5.90000	 0.06139	 0.47767
5.95000	 0.07934	 0.48578
6.00000	 0.03481	 0.48428
6.05000	 0.02162	 0.49256
6.10000	 0.00057	 0.49092
6.15000	 0.01086	 0.51063
6.20000	 0.02766	 0.50093
6.25000	 0.05017	 0.52604
6.30000	 0.01921	 0.47645
6.35000	 0.01127	 0.46240
6.40000	 0.03740	 0.48526
6.45000	 0.03144	 0.46638
6.50000	 0.01990	 0.53320
6.55000	 0.04899	 0.48661
6.60000	 0.03065	 0.47394
6.65000	 0.01365	 0.52962
6.70000	 0.01114	 0.47493
6.75000	 0.01111	 0.49097
6.80000	 0.04034	 0.51548
6.85000	 0.05557	 0.47178
6.90000	 0.04104	 0.46771
6.95000	 0.01917	 0.45830
7.00000	 0.05520	 0.45002
7.05000	 0.02594	 0.41760
7.10000	 -0.01427	 0.42202
7.15000	 0.06278	 0.52720
7.20000	 0.07024	 0.51614
7.25000	 0.07131	 0.51222
7.30000	 -0.00181	 0.49917
7.35000	 0.03236	 0.49986
7.40000	 0.08213	 0.51580
7.45000	 0.02364	 0.48373
7.50000	 -0.00865	 0.50240
7.55000	 0.01324	 0.53078
7.60000	 -0.00027	 0.47977
7.65000	 0.03454	 0.51865
7.70000	 0.04479	 0.47963
7.75000	 0.02541	 0.48601
7.80000	 0.03198	 0.46756
7.85000	 0.03265	 0.46459
7.90000	 0.01562	 0.49799
7.95000	 0.02313	 0.49438
8.00000	 0.01908	 0.46373
8.05000	 0.06193	 0.50200
8.10000	 0.02449	 0.47340
8.15000	 0.04146	 0.49435
8.20000	 0.02823	 0.47446
8.25000	 0.05966	 0.45296
8.30000	 0.03602	 0.44872
8.35000	 0.04594	 0.49995
8.40000	 0.03001	 0.51591
8.45000	 0.04957	 0.51683
8.50000	 0.06086	 0.48237
8.55000	 -0.01609	 0.49086
8.60000	 -0.00486	 0.50448
8.65000	 -0.01187	 0.49294
8.70000	 0.01251	 0.47582
8.75000	 0.02127	 0.47288
8.80000	 0.01362	 0.48275
8.85000	 0.01192	 0.47833
8.90000	 0.03640	 0.48812
8.95000	 0.06050	 0.47230
9.00000	 0.01147	 0.50982
9.05000	 0.04023	 0.48814
9.10000	 0.01308	 0.42998
9.15000	 0.00866	 0.47423
9.20000	 0.04684	 0.48387
9.25000	 0.01983	 0.43743
9.30000	 0.00678	 0.47192
9.35000	 0.00633	 0.48358
9.40000	 0.03619	 0.51279
9.45000	 0.04678	 0.55883
9.50000	 0.06822	 0.53450
9.55000	 0.06464	 0.51955
9.60000	 0.04743	 0.50116
9.65000	 0.03634	 0.52209
9.70000	 0.02321	 0.49400
9.75000	 0.04025	 0.48266
9.80000	 0.03319	 0.47086
9.85000	 0.05690	 0.46058
9.90000	 0.07685	 0.50564
9.95000	 0.07712	 0.45088
