
Automatic Data Collection:
Tue Feb 26 11:52:10 2019
Data points are recorded 50.000000 ms apart

time (s)	Lift (N)	Drag (N)
0.00000	 -0.01555	 0.18906
0.05000	 0.01195	 0.26370
0.10000	 -0.00832	 0.19293
0.15000	 0.01362	 0.18825
0.20000	 -0.01224	 0.25314
0.25000	 0.02259	 0.19403
0.30000	 0.00109	 0.24598
0.35000	 0.00953	 0.18661
0.40000	 -0.00601	 0.23031
0.45000	 0.00292	 0.19879
0.50000	 -0.00632	 0.23345
0.55000	 0.00416	 0.20468
0.60000	 0.00565	 0.22716
0.65000	 0.00401	 0.21565
0.70000	 -0.00548	 0.22384
0.75000	 0.00489	 0.21036
0.80000	 0.00971	 0.21804
0.85000	 0.00362	 0.22511
0.90000	 0.01324	 0.21259
0.95000	 0.00306	 0.24428
1.00000	 0.01075	 0.20260
1.05000	 -0.00930	 0.22762
1.10000	 -0.00461	 0.19960
1.15000	 -0.00178	 0.24491
1.20000	 -0.00299	 0.19319
1.25000	 0.01040	 0.23461
1.30000	 -0.00464	 0.19437
1.35000	 0.01724	 0.20038
1.40000	 0.00331	 0.23363
1.45000	 0.01711	 0.20742
1.50000	 -0.00291	 0.22422
1.55000	 0.01071	 0.20730
1.60000	 0.00940	 0.22252
1.65000	 0.01117	 0.22517
1.70000	 0.00568	 0.21894
1.75000	 0.00536	 0.22179
1.80000	 0.00539	 0.21091
1.85000	 0.00218	 0.22361
1.90000	 0.00629	 0.20292
1.95000	 0.00160	 0.23115
2.00000	 0.00661	 0.20020
2.05000	 -0.00615	 0.24032
2.10000	 0.00500	 0.19992
2.15000	 0.00244	 0.23328
2.20000	 0.00269	 0.19316
2.25000	 0.00804	 0.22901
2.30000	 0.01044	 0.20326
2.35000	 0.01348	 0.24012
2.40000	 -0.00181	 0.20537
2.45000	 0.01807	 0.24621
2.50000	 -0.00427	 0.20782
2.55000	 0.00353	 0.20782
2.60000	 0.01159	 0.21738
2.65000	 0.01106	 0.20808
2.70000	 0.00785	 0.21423
2.75000	 0.01074	 0.22009
2.80000	 0.00744	 0.22070
2.85000	 -0.00295	 0.23464
2.90000	 0.00911	 0.20067
2.95000	 0.01072	 0.23478
3.00000	 0.01921	 0.19888
3.05000	 0.01080	 0.22110
3.10000	 0.00531	 0.18851
3.15000	 0.00243	 0.23674
3.20000	 0.01164	 0.18875
3.25000	 -0.00517	 0.25857
3.30000	 0.01001	 0.19850
3.35000	 -0.00730	 0.25363
3.40000	 0.01987	 0.19414
3.45000	 -0.00409	 0.23923
3.50000	 0.01006	 0.19847
3.55000	 0.00596	 0.23276
3.60000	 0.00367	 0.18918
3.65000	 0.01462	 0.24353
3.70000	 -0.00223	 0.20855
3.75000	 0.00795	 0.21097
3.80000	 0.02073	 0.22572
3.85000	 0.00711	 0.22679
3.90000	 0.00531	 0.21383
3.95000	 0.00012	 0.22052
4.00000	 0.01738	 0.21005
4.05000	 0.00235	 0.23851
4.10000	 0.00764	 0.20110
4.15000	 -0.00016	 0.25040
4.20000	 0.02316	 0.19579
4.25000	 0.00967	 0.23969
4.30000	 0.01404	 0.18880
4.35000	 -0.00416	 0.25493
4.40000	 0.01288	 0.18629
4.45000	 0.00309	 0.24044
4.50000	 0.02189	 0.19079
4.55000	 0.00433	 0.24887
4.60000	 0.02125	 0.19530
4.65000	 0.01150	 0.24217
4.70000	 0.01623	 0.20292
4.75000	 0.01235	 0.23605
4.80000	 0.00633	 0.20528
4.85000	 0.01223	 0.22748
4.90000	 -0.00692	 0.20751
4.95000	 -0.00402	 0.21761
5.00000	 -0.00182	 0.22376
5.05000	 0.00240	 0.22471
5.10000	 0.00182	 0.20554
5.15000	 -0.01210	 0.23123
5.20000	 0.00655	 0.19535
5.25000	 -0.00435	 0.23123
5.30000	 0.01403	 0.19564
5.35000	 0.00122	 0.24055
5.40000	 0.00954	 0.18808
5.45000	 0.00683	 0.24237
5.50000	 0.01505	 0.18892
5.55000	 -0.00570	 0.24927
5.60000	 0.01119	 0.18387
5.65000	 -0.00348	 0.24451
5.70000	 0.01395	 0.19564
5.75000	 -0.00761	 0.25403
5.80000	 0.01516	 0.19966
5.85000	 0.01702	 0.24269
5.90000	 0.01759	 0.20485
5.95000	 0.00607	 0.23423
6.00000	 0.01061	 0.20834
6.05000	 0.01843	 0.22889
6.10000	 -0.00406	 0.21146
6.15000	 0.00024	 0.21279
6.20000	 0.00556	 0.19313
6.25000	 0.01372	 0.21599
6.30000	 0.00666	 0.19492
6.35000	 -0.00782	 0.24373
6.40000	 0.01106	 0.19521
6.45000	 0.00370	 0.23371
6.50000	 0.01334	 0.18580
6.55000	 -0.00023	 0.24211
6.60000	 0.00717	 0.17524
6.65000	 -0.00246	 0.23879
6.70000	 0.01251	 0.18020
6.75000	 -0.00754	 0.25155
6.80000	 0.00480	 0.19299
6.85000	 0.01086	 0.23845
6.90000	 0.01007	 0.19654
6.95000	 -0.00882	 0.24182
7.00000	 0.00210	 0.20211
7.05000	 0.00664	 0.23845
7.10000	 0.00947	 0.20055
7.15000	 0.00547	 0.22465
7.20000	 0.00635	 0.21602
7.25000	 0.01212	 0.22015
7.30000	 0.00275	 0.21795
7.35000	 -0.00018	 0.22364
7.40000	 -0.00215	 0.20390
7.45000	 0.00830	 0.22410
7.50000	 0.01424	 0.19475
7.55000	 0.01643	 0.23230
7.60000	 0.00869	 0.19232
7.65000	 0.00917	 0.24682
7.70000	 0.01635	 0.19628
7.75000	 0.00046	 0.24367
7.80000	 0.01010	 0.18915
7.85000	 0.00368	 0.23715
7.90000	 0.01049	 0.18413
7.95000	 -0.00119	 0.23571
8.00000	 0.01651	 0.19022
8.05000	 0.01100	 0.23747
8.10000	 0.01713	 0.19408
8.15000	 0.00306	 0.24113
8.20000	 0.01375	 0.20627
8.25000	 0.00964	 0.23836
8.30000	 0.01542	 0.21524
8.35000	 0.01052	 0.22716
8.40000	 0.00798	 0.21446
8.45000	 0.01437	 0.21010
8.50000	 0.01074	 0.21868
8.55000	 0.00866	 0.23120
8.60000	 -0.00215	 0.20462
8.65000	 0.00381	 0.23011
8.70000	 0.00925	 0.19657
8.75000	 0.00367	 0.23446
8.80000	 0.00568	 0.19475
8.85000	 -0.00188	 0.23917
8.90000	 0.01469	 0.19573
8.95000	 0.01437	 0.23345
9.00000	 0.01654	 0.20023
9.05000	 0.00740	 0.23080
9.10000	 0.02362	 0.20843
9.15000	 0.00069	 0.24460
9.20000	 0.01347	 0.21709
9.25000	 0.00277	 0.23406
9.30000	 0.02291	 0.20730
9.35000	 0.01482	 0.21845
9.40000	 0.01531	 0.21593
9.45000	 -0.00181	 0.22384
9.50000	 0.01212	 0.21345
9.55000	 0.00575	 0.22179
9.60000	 -0.00469	 0.23773
9.65000	 0.00534	 0.21617
9.70000	 0.01742	 0.20061
9.75000	 -0.00247	 0.23201
9.80000	 0.00499	 0.19143
9.85000	 -0.00179	 0.24529
9.90000	 0.01406	 0.19677
9.95000	 0.00765	 0.24488
